	MEMORY_INITIALIZATION_RADIX=10;
 	MEMORY_INITIALIZATION_VECTOR=
	32767,
	32767,
	32767,
	32767,
	32767,
	32767,
	32767,
	32767,
	32767,
	32767,
	32767,
	32767,
	32767,
	32767,
	32767,
	32767,
	32767,
	32767,
	32767,
	32767,
	32767,
	32767,
	32767,
	32767,
	32767,
	32767,
	32767,
	32767,
	32767,
	32767,
	32767,
	32767,
	32767,
	32767,
	32767,
	32767,
	32767,
	32767,
	32767,
	32767,
	32767,
	32766,
	32766,
	32766,
	32766,
	32766,
	32766,
	32766,
	32766,
	32766,
	32766,
	32766,
	32766,
	32766,
	32766,
	32766,
	32766,
	32766,
	32765,
	32765,
	32765,
	32765,
	32765,
	32765,
	32765,
	32765,
	32765,
	32765,
	32765,
	32765,
	32765,
	32764,
	32764,
	32764,
	32764,
	32764,
	32764,
	32764,
	32764,
	32764,
	32764,
	32764,
	32763,
	32763,
	32763,
	32763,
	32763,
	32763,
	32763,
	32763,
	32763,
	32763,
	32762,
	32762,
	32762,
	32762,
	32762,
	32762,
	32762,
	32762,
	32761,
	32761,
	32761,
	32761,
	32761,
	32761,
	32761,
	32761,
	32760,
	32760,
	32760,
	32760,
	32760,
	32760,
	32760,
	32760,
	32759,
	32759,
	32759,
	32759,
	32759,
	32759,
	32759,
	32758,
	32758,
	32758,
	32758,
	32758,
	32758,
	32757,
	32757,
	32757,
	32757,
	32757,
	32757,
	32757,
	32756,
	32756,
	32756,
	32756,
	32756,
	32756,
	32755,
	32755,
	32755,
	32755,
	32755,
	32754,
	32754,
	32754,
	32754,
	32754,
	32754,
	32753,
	32753,
	32753,
	32753,
	32753,
	32752,
	32752,
	32752,
	32752,
	32752,
	32751,
	32751,
	32751,
	32751,
	32751,
	32750,
	32750,
	32750,
	32750,
	32750,
	32749,
	32749,
	32749,
	32749,
	32749,
	32748,
	32748,
	32748,
	32748,
	32748,
	32747,
	32747,
	32747,
	32747,
	32746,
	32746,
	32746,
	32746,
	32746,
	32745,
	32745,
	32745,
	32745,
	32744,
	32744,
	32744,
	32744,
	32743,
	32743,
	32743,
	32743,
	32742,
	32742,
	32742,
	32742,
	32741,
	32741,
	32741,
	32741,
	32740,
	32740,
	32740,
	32740,
	32739,
	32739,
	32739,
	32739,
	32738,
	32738,
	32738,
	32738,
	32737,
	32737,
	32737,
	32736,
	32736,
	32736,
	32736,
	32735,
	32735,
	32735,
	32735,
	32734,
	32734,
	32734,
	32733,
	32733,
	32733,
	32733,
	32732,
	32732,
	32732,
	32731,
	32731,
	32731,
	32730,
	32730,
	32730,
	32730,
	32729,
	32729,
	32729,
	32728,
	32728,
	32728,
	32727,
	32727,
	32727,
	32726,
	32726,
	32726,
	32726,
	32725,
	32725,
	32725,
	32724,
	32724,
	32724,
	32723,
	32723,
	32723,
	32722,
	32722,
	32722,
	32721,
	32721,
	32721,
	32720,
	32720,
	32720,
	32719,
	32719,
	32719,
	32718,
	32718,
	32718,
	32717,
	32717,
	32717,
	32716,
	32716,
	32715,
	32715,
	32715,
	32714,
	32714,
	32714,
	32713,
	32713,
	32713,
	32712,
	32712,
	32711,
	32711,
	32711,
	32710,
	32710,
	32710,
	32709,
	32709,
	32709,
	32708,
	32708,
	32707,
	32707,
	32707,
	32706,
	32706,
	32705,
	32705,
	32705,
	32704,
	32704,
	32704,
	32703,
	32703,
	32702,
	32702,
	32702,
	32701,
	32701,
	32700,
	32700,
	32700,
	32699,
	32699,
	32698,
	32698,
	32697,
	32697,
	32697,
	32696,
	32696,
	32695,
	32695,
	32695,
	32694,
	32694,
	32693,
	32693,
	32692,
	32692,
	32692,
	32691,
	32691,
	32690,
	32690,
	32689,
	32689,
	32689,
	32688,
	32688,
	32687,
	32687,
	32686,
	32686,
	32686,
	32685,
	32685,
	32684,
	32684,
	32683,
	32683,
	32682,
	32682,
	32681,
	32681,
	32681,
	32680,
	32680,
	32679,
	32679,
	32678,
	32678,
	32677,
	32677,
	32676,
	32676,
	32675,
	32675,
	32675,
	32674,
	32674,
	32673,
	32673,
	32672,
	32672,
	32671,
	32671,
	32670,
	32670,
	32669,
	32669,
	32668,
	32668,
	32667,
	32667,
	32666,
	32666,
	32665,
	32665,
	32664,
	32664,
	32663,
	32663,
	32662,
	32662,
	32661,
	32661,
	32660,
	32660,
	32659,
	32659,
	32658,
	32658,
	32657,
	32657,
	32656,
	32656,
	32655,
	32655,
	32654,
	32654,
	32653,
	32653,
	32652,
	32651,
	32651,
	32650,
	32650,
	32649,
	32649,
	32648,
	32648,
	32647,
	32647,
	32646,
	32646,
	32645,
	32645,
	32644,
	32643,
	32643,
	32642,
	32642,
	32641,
	32641,
	32640,
	32640,
	32639,
	32638,
	32638,
	32637,
	32637,
	32636,
	32636,
	32635,
	32635,
	32634,
	32633,
	32633,
	32632,
	32632,
	32631,
	32631,
	32630,
	32629,
	32629,
	32628,
	32628,
	32627,
	32626,
	32626,
	32625,
	32625,
	32624,
	32624,
	32623,
	32622,
	32622,
	32621,
	32621,
	32620,
	32619,
	32619,
	32618,
	32618,
	32617,
	32616,
	32616,
	32615,
	32615,
	32614,
	32613,
	32613,
	32612,
	32612,
	32611,
	32610,
	32610,
	32609,
	32608,
	32608,
	32607,
	32607,
	32606,
	32605,
	32605,
	32604,
	32603,
	32603,
	32602,
	32602,
	32601,
	32600,
	32600,
	32599,
	32598,
	32598,
	32597,
	32597,
	32596,
	32595,
	32595,
	32594,
	32593,
	32593,
	32592,
	32591,
	32591,
	32590,
	32589,
	32589,
	32588,
	32587,
	32587,
	32586,
	32585,
	32585,
	32584,
	32583,
	32583,
	32582,
	32581,
	32581,
	32580,
	32579,
	32579,
	32578,
	32577,
	32577,
	32576,
	32575,
	32575,
	32574,
	32573,
	32573,
	32572,
	32571,
	32571,
	32570,
	32569,
	32569,
	32568,
	32567,
	32566,
	32566,
	32565,
	32564,
	32564,
	32563,
	32562,
	32562,
	32561,
	32560,
	32559,
	32559,
	32558,
	32557,
	32557,
	32556,
	32555,
	32554,
	32554,
	32553,
	32552,
	32552,
	32551,
	32550,
	32549,
	32549,
	32548,
	32547,
	32547,
	32546,
	32545,
	32544,
	32544,
	32543,
	32542,
	32541,
	32541,
	32540,
	32539,
	32538,
	32538,
	32537,
	32536,
	32535,
	32535,
	32534,
	32533,
	32532,
	32532,
	32531,
	32530,
	32529,
	32529,
	32528,
	32527,
	32526,
	32526,
	32525,
	32524,
	32523,
	32523,
	32522,
	32521,
	32520,
	32520,
	32519,
	32518,
	32517,
	32516,
	32516,
	32515,
	32514,
	32513,
	32513,
	32512,
	32511,
	32510,
	32509,
	32509,
	32508,
	32507,
	32506,
	32505,
	32505,
	32504,
	32503,
	32502,
	32501,
	32501,
	32500,
	32499,
	32498,
	32497,
	32497,
	32496,
	32495,
	32494,
	32493,
	32493,
	32492,
	32491,
	32490,
	32489,
	32489,
	32488,
	32487,
	32486,
	32485,
	32484,
	32484,
	32483,
	32482,
	32481,
	32480,
	32479,
	32479,
	32478,
	32477,
	32476,
	32475,
	32474,
	32474,
	32473,
	32472,
	32471,
	32470,
	32469,
	32469,
	32468,
	32467,
	32466,
	32465,
	32464,
	32463,
	32463,
	32462,
	32461,
	32460,
	32459,
	32458,
	32457,
	32457,
	32456,
	32455,
	32454,
	32453,
	32452,
	32451,
	32451,
	32450,
	32449,
	32448,
	32447,
	32446,
	32445,
	32444,
	32443,
	32443,
	32442,
	32441,
	32440,
	32439,
	32438,
	32437,
	32436,
	32436,
	32435,
	32434,
	32433,
	32432,
	32431,
	32430,
	32429,
	32428,
	32427,
	32427,
	32426,
	32425,
	32424,
	32423,
	32422,
	32421,
	32420,
	32419,
	32418,
	32417,
	32417,
	32416,
	32415,
	32414,
	32413,
	32412,
	32411,
	32410,
	32409,
	32408,
	32407,
	32406,
	32405,
	32404,
	32404,
	32403,
	32402,
	32401,
	32400,
	32399,
	32398,
	32397,
	32396,
	32395,
	32394,
	32393,
	32392,
	32391,
	32390,
	32389,
	32388,
	32388,
	32387,
	32386,
	32385,
	32384,
	32383,
	32382,
	32381,
	32380,
	32379,
	32378,
	32377,
	32376,
	32375,
	32374,
	32373,
	32372,
	32371,
	32370,
	32369,
	32368,
	32367,
	32366,
	32365,
	32364,
	32363,
	32362,
	32361,
	32360,
	32359,
	32358,
	32357,
	32356,
	32355,
	32354,
	32353,
	32352,
	32351,
	32350,
	32349,
	32348,
	32347,
	32346,
	32345,
	32344,
	32343,
	32342,
	32341,
	32340,
	32339,
	32338,
	32337,
	32336,
	32335,
	32334,
	32333,
	32332,
	32331,
	32330,
	32329,
	32328,
	32327,
	32326,
	32325,
	32324,
	32323,
	32322,
	32321,
	32320,
	32319,
	32318,
	32317,
	32316,
	32315,
	32314,
	32313,
	32312,
	32311,
	32309,
	32308,
	32307,
	32306,
	32305,
	32304,
	32303,
	32302,
	32301,
	32300,
	32299,
	32298,
	32297,
	32296,
	32295,
	32294,
	32293,
	32292,
	32290,
	32289,
	32288,
	32287,
	32286,
	32285,
	32284,
	32283,
	32282,
	32281,
	32280,
	32279,
	32278,
	32276,
	32275,
	32274,
	32273,
	32272,
	32271,
	32270,
	32269,
	32268,
	32267,
	32266,
	32264,
	32263,
	32262,
	32261,
	32260,
	32259,
	32258,
	32257,
	32256,
	32255,
	32253,
	32252,
	32251,
	32250,
	32249,
	32248,
	32247,
	32246,
	32245,
	32243,
	32242,
	32241,
	32240,
	32239,
	32238,
	32237,
	32236,
	32234,
	32233,
	32232,
	32231,
	32230,
	32229,
	32228,
	32226,
	32225,
	32224,
	32223,
	32222,
	32221,
	32220,
	32218,
	32217,
	32216,
	32215,
	32214,
	32213,
	32212,
	32210,
	32209,
	32208,
	32207,
	32206,
	32205,
	32204,
	32202,
	32201,
	32200,
	32199,
	32198,
	32197,
	32195,
	32194,
	32193,
	32192,
	32191,
	32189,
	32188,
	32187,
	32186,
	32185,
	32184,
	32182,
	32181,
	32180,
	32179,
	32178,
	32176,
	32175,
	32174,
	32173,
	32172,
	32171,
	32169,
	32168,
	32167,
	32166,
	32165,
	32163,
	32162,
	32161,
	32160,
	32159,
	32157,
	32156,
	32155,
	32154,
	32152,
	32151,
	32150,
	32149,
	32148,
	32146,
	32145,
	32144,
	32143,
	32142,
	32140,
	32139,
	32138,
	32137,
	32135,
	32134,
	32133,
	32132,
	32130,
	32129,
	32128,
	32127,
	32126,
	32124,
	32123,
	32122,
	32121,
	32119,
	32118,
	32117,
	32116,
	32114,
	32113,
	32112,
	32111,
	32109,
	32108,
	32107,
	32106,
	32104,
	32103,
	32102,
	32101,
	32099,
	32098,
	32097,
	32096,
	32094,
	32093,
	32092,
	32090,
	32089,
	32088,
	32087,
	32085,
	32084,
	32083,
	32082,
	32080,
	32079,
	32078,
	32076,
	32075,
	32074,
	32073,
	32071,
	32070,
	32069,
	32067,
	32066,
	32065,
	32063,
	32062,
	32061,
	32060,
	32058,
	32057,
	32056,
	32054,
	32053,
	32052,
	32050,
	32049,
	32048,
	32047,
	32045,
	32044,
	32043,
	32041,
	32040,
	32039,
	32037,
	32036,
	32035,
	32033,
	32032,
	32031,
	32029,
	32028,
	32027,
	32025,
	32024,
	32023,
	32021,
	32020,
	32019,
	32017,
	32016,
	32015,
	32013,
	32012,
	32011,
	32009,
	32008,
	32007,
	32005,
	32004,
	32003,
	32001,
	32000,
	31999,
	31997,
	31996,
	31995,
	31993,
	31992,
	31990,
	31989,
	31988,
	31986,
	31985,
	31984,
	31982,
	31981,
	31980,
	31978,
	31977,
	31975,
	31974,
	31973,
	31971,
	31970,
	31969,
	31967,
	31966,
	31964,
	31963,
	31962,
	31960,
	31959,
	31957,
	31956,
	31955,
	31953,
	31952,
	31951,
	31949,
	31948,
	31946,
	31945,
	31944,
	31942,
	31941,
	31939,
	31938,
	31937,
	31935,
	31934,
	31932,
	31931,
	31929,
	31928,
	31927,
	31925,
	31924,
	31922,
	31921,
	31920,
	31918,
	31917,
	31915,
	31914,
	31912,
	31911,
	31910,
	31908,
	31907,
	31905,
	31904,
	31902,
	31901,
	31900,
	31898,
	31897,
	31895,
	31894,
	31892,
	31891,
	31889,
	31888,
	31887,
	31885,
	31884,
	31882,
	31881,
	31879,
	31878,
	31876,
	31875,
	31874,
	31872,
	31871,
	31869,
	31868,
	31866,
	31865,
	31863,
	31862,
	31860,
	31859,
	31857,
	31856,
	31854,
	31853,
	31852,
	31850,
	31849,
	31847,
	31846,
	31844,
	31843,
	31841,
	31840,
	31838,
	31837,
	31835,
	31834,
	31832,
	31831,
	31829,
	31828,
	31826,
	31825,
	31823,
	31822,
	31820,
	31819,
	31817,
	31816,
	31814,
	31813,
	31811,
	31810,
	31808,
	31807,
	31805,
	31804,
	31802,
	31801,
	31799,
	31798,
	31796,
	31795,
	31793,
	31792,
	31790,
	31789,
	31787,
	31785,
	31784,
	31782,
	31781,
	31779,
	31778,
	31776,
	31775,
	31773,
	31772,
	31770,
	31769,
	31767,
	31766,
	31764,
	31762,
	31761,
	31759,
	31758,
	31756,
	31755,
	31753,
	31752,
	31750,
	31749,
	31747,
	31745,
	31744,
	31742,
	31741,
	31739,
	31738,
	31736,
	31734,
	31733,
	31731,
	31730,
	31728,
	31727,
	31725,
	31723,
	31722,
	31720,
	31719,
	31717,
	31716,
	31714,
	31712,
	31711,
	31709,
	31708,
	31706,
	31705,
	31703,
	31701,
	31700,
	31698,
	31697,
	31695,
	31693,
	31692,
	31690,
	31689,
	31687,
	31685,
	31684,
	31682,
	31681,
	31679,
	31677,
	31676,
	31674,
	31673,
	31671,
	31669,
	31668,
	31666,
	31664,
	31663,
	31661,
	31660,
	31658,
	31656,
	31655,
	31653,
	31651,
	31650,
	31648,
	31647,
	31645,
	31643,
	31642,
	31640,
	31638,
	31637,
	31635,
	31634,
	31632,
	31630,
	31629,
	31627,
	31625,
	31624,
	31622,
	31620,
	31619,
	31617,
	31615,
	31614,
	31612,
	31610,
	31609,
	31607,
	31606,
	31604,
	31602,
	31601,
	31599,
	31597,
	31596,
	31594,
	31592,
	31591,
	31589,
	31587,
	31586,
	31584,
	31582,
	31581,
	31579,
	31577,
	31575,
	31574,
	31572,
	31570,
	31569,
	31567,
	31565,
	31564,
	31562,
	31560,
	31559,
	31557,
	31555,
	31554,
	31552,
	31550,
	31548,
	31547,
	31545,
	31543,
	31542,
	31540,
	31538,
	31537,
	31535,
	31533,
	31531,
	31530,
	31528,
	31526,
	31525,
	31523,
	31521,
	31519,
	31518,
	31516,
	31514,
	31513,
	31511,
	31509,
	31507,
	31506,
	31504,
	31502,
	31500,
	31499,
	31497,
	31495,
	31494,
	31492,
	31490,
	31488,
	31487,
	31485,
	31483,
	31481,
	31480,
	31478,
	31476,
	31474,
	31473,
	31471,
	31469,
	31467,
	31466,
	31464,
	31462,
	31460,
	31459,
	31457,
	31455,
	31453,
	31452,
	31450,
	31448,
	31446,
	31445,
	31443,
	31441,
	31439,
	31437,
	31436,
	31434,
	31432,
	31430,
	31429,
	31427,
	31425,
	31423,
	31421,
	31420,
	31418,
	31416,
	31414,
	31413,
	31411,
	31409,
	31407,
	31405,
	31404,
	31402,
	31400,
	31398,
	31396,
	31395,
	31393,
	31391,
	31389,
	31387,
	31386,
	31384,
	31382,
	31380,
	31378,
	31377,
	31375,
	31373,
	31371,
	31369,
	31367,
	31366,
	31364,
	31362,
	31360,
	31358,
	31357,
	31355,
	31353,
	31351,
	31349,
	31347,
	31346,
	31344,
	31342,
	31340,
	31338,
	31336,
	31335,
	31333,
	31331,
	31329,
	31327,
	31325,
	31324,
	31322,
	31320,
	31318,
	31316,
	31314,
	31312,
	31311,
	31309,
	31307,
	31305,
	31303,
	31301,
	31299,
	31298,
	31296,
	31294,
	31292,
	31290,
	31288,
	31286,
	31285,
	31283,
	31281,
	31279,
	31277,
	31275,
	31273,
	31271,
	31270,
	31268,
	31266,
	31264,
	31262,
	31260,
	31258,
	31256,
	31254,
	31253,
	31251,
	31249,
	31247,
	31245,
	31243,
	31241,
	31239,
	31237,
	31236,
	31234,
	31232,
	31230,
	31228,
	31226,
	31224,
	31222,
	31220,
	31218,
	31216,
	31215,
	31213,
	31211,
	31209,
	31207,
	31205,
	31203,
	31201,
	31199,
	31197,
	31195,
	31193,
	31192,
	31190,
	31188,
	31186,
	31184,
	31182,
	31180,
	31178,
	31176,
	31174,
	31172,
	31170,
	31168,
	31166,
	31164,
	31163,
	31161,
	31159,
	31157,
	31155,
	31153,
	31151,
	31149,
	31147,
	31145,
	31143,
	31141,
	31139,
	31137,
	31135,
	31133,
	31131,
	31129,
	31127,
	31125,
	31123,
	31122,
	31120,
	31118,
	31116,
	31114,
	31112,
	31110,
	31108,
	31106,
	31104,
	31102,
	31100,
	31098,
	31096,
	31094,
	31092,
	31090,
	31088,
	31086,
	31084,
	31082,
	31080,
	31078,
	31076,
	31074,
	31072,
	31070,
	31068,
	31066,
	31064,
	31062,
	31060,
	31058,
	31056,
	31054,
	31052,
	31050,
	31048,
	31046,
	31044,
	31042,
	31040,
	31038,
	31036,
	31034,
	31032,
	31030,
	31028,
	31026,
	31024,
	31022,
	31020,
	31018,
	31016,
	31014,
	31012,
	31010,
	31008,
	31006,
	31004,
	31001,
	30999,
	30997,
	30995,
	30993,
	30991,
	30989,
	30987,
	30985,
	30983,
	30981,
	30979,
	30977,
	30975,
	30973,
	30971,
	30969,
	30967,
	30965,
	30963,
	30961,
	30958,
	30956,
	30954,
	30952,
	30950,
	30948,
	30946,
	30944,
	30942,
	30940,
	30938,
	30936,
	30934,
	30932,
	30930,
	30927,
	30925,
	30923,
	30921,
	30919,
	30917,
	30915,
	30913,
	30911,
	30909,
	30907,
	30905,
	30902,
	30900,
	30898,
	30896,
	30894,
	30892,
	30890,
	30888,
	30886,
	30884,
	30882,
	30879,
	30877,
	30875,
	30873,
	30871,
	30869,
	30867,
	30865,
	30863,
	30860,
	30858,
	30856,
	30854,
	30852,
	30850,
	30848,
	30846,
	30844,
	30841,
	30839,
	30837,
	30835,
	30833,
	30831,
	30829,
	30827,
	30824,
	30822,
	30820,
	30818,
	30816,
	30814,
	30812,
	30809,
	30807,
	30805,
	30803,
	30801,
	30799,
	30797,
	30794,
	30792,
	30790,
	30788,
	30786,
	30784,
	30782,
	30779,
	30777,
	30775,
	30773,
	30771,
	30769,
	30766,
	30764,
	30762,
	30760,
	30758,
	30756,
	30753,
	30751,
	30749,
	30747,
	30745,
	30743,
	30740,
	30738,
	30736,
	30734,
	30732,
	30730,
	30727,
	30725,
	30723,
	30721,
	30719,
	30716,
	30714,
	30712,
	30710,
	30708,
	30705,
	30703,
	30701,
	30699,
	30697,
	30694,
	30692,
	30690,
	30688,
	30686,
	30683,
	30681,
	30679,
	30677,
	30675,
	30672,
	30670,
	30668,
	30666,
	30664,
	30661,
	30659,
	30657,
	30655,
	30652,
	30650,
	30648,
	30646,
	30644,
	30641,
	30639,
	30637,
	30635,
	30632,
	30630,
	30628,
	30626,
	30624,
	30621,
	30619,
	30617,
	30615,
	30612,
	30610,
	30608,
	30606,
	30603,
	30601,
	30599,
	30597,
	30594,
	30592,
	30590,
	30588,
	30585,
	30583,
	30581,
	30579,
	30576,
	30574,
	30572,
	30570,
	30567,
	30565,
	30563,
	30560,
	30558,
	30556,
	30554,
	30551,
	30549,
	30547,
	30545,
	30542,
	30540,
	30538,
	30535,
	30533,
	30531,
	30529,
	30526,
	30524,
	30522,
	30520,
	30517,
	30515,
	30513,
	30510,
	30508,
	30506,
	30503,
	30501,
	30499,
	30497,
	30494,
	30492,
	30490,
	30487,
	30485,
	30483,
	30480,
	30478,
	30476,
	30474,
	30471,
	30469,
	30467,
	30464,
	30462,
	30460,
	30457,
	30455,
	30453,
	30450,
	30448,
	30446,
	30443,
	30441,
	30439,
	30436,
	30434,
	30432,
	30429,
	30427,
	30425,
	30422,
	30420,
	30418,
	30415,
	30413,
	30411,
	30408,
	30406,
	30404,
	30401,
	30399,
	30397,
	30394,
	30392,
	30390,
	30387,
	30385,
	30383,
	30380,
	30378,
	30376,
	30373,
	30371,
	30368,
	30366,
	30364,
	30361,
	30359,
	30357,
	30354,
	30352,
	30350,
	30347,
	30345,
	30342,
	30340,
	30338,
	30335,
	30333,
	30331,
	30328,
	30326,
	30323,
	30321,
	30319,
	30316,
	30314,
	30312,
	30309,
	30307,
	30304,
	30302,
	30300,
	30297,
	30295,
	30292,
	30290,
	30288,
	30285,
	30283,
	30280,
	30278,
	30276,
	30273,
	30271,
	30268,
	30266,
	30264,
	30261,
	30259,
	30256,
	30254,
	30251,
	30249,
	30247,
	30244,
	30242,
	30239,
	30237,
	30235,
	30232,
	30230,
	30227,
	30225,
	30222,
	30220,
	30218,
	30215,
	30213,
	30210,
	30208,
	30205,
	30203,
	30201,
	30198,
	30196,
	30193,
	30191,
	30188,
	30186,
	30183,
	30181,
	30179,
	30176,
	30174,
	30171,
	30169,
	30166,
	30164,
	30161,
	30159,
	30156,
	30154,
	30152,
	30149,
	30147,
	30144,
	30142,
	30139,
	30137,
	30134,
	30132,
	30129,
	30127,
	30124,
	30122,
	30119,
	30117,
	30115,
	30112,
	30110,
	30107,
	30105,
	30102,
	30100,
	30097,
	30095,
	30092,
	30090,
	30087,
	30085,
	30082,
	30080,
	30077,
	30075,
	30072,
	30070,
	30067,
	30065,
	30062,
	30060,
	30057,
	30055,
	30052,
	30050,
	30047,
	30045,
	30042,
	30040,
	30037,
	30035,
	30032,
	30030,
	30027,
	30025,
	30022,
	30020,
	30017,
	30015,
	30012,
	30010,
	30007,
	30005,
	30002,
	29999,
	29997,
	29994,
	29992,
	29989,
	29987,
	29984,
	29982,
	29979,
	29977,
	29974,
	29972,
	29969,
	29967,
	29964,
	29961,
	29959,
	29956,
	29954,
	29951,
	29949,
	29946,
	29944,
	29941,
	29938,
	29936,
	29933,
	29931,
	29928,
	29926,
	29923,
	29921,
	29918,
	29915,
	29913,
	29910,
	29908,
	29905,
	29903,
	29900,
	29897,
	29895,
	29892,
	29890,
	29887,
	29885,
	29882,
	29879,
	29877,
	29874,
	29872,
	29869,
	29867,
	29864,
	29861,
	29859,
	29856,
	29854,
	29851,
	29848,
	29846,
	29843,
	29841,
	29838,
	29835,
	29833,
	29830,
	29828,
	29825,
	29822,
	29820,
	29817,
	29815,
	29812,
	29809,
	29807,
	29804,
	29802,
	29799,
	29796,
	29794,
	29791,
	29788,
	29786,
	29783,
	29781,
	29778,
	29775,
	29773,
	29770,
	29768,
	29765,
	29762,
	29760,
	29757,
	29754,
	29752,
	29749,
	29746,
	29744,
	29741,
	29739,
	29736,
	29733,
	29731,
	29728,
	29725,
	29723,
	29720,
	29717,
	29715,
	29712,
	29709,
	29707,
	29704,
	29702,
	29699,
	29696,
	29694,
	29691,
	29688,
	29686,
	29683,
	29680,
	29678,
	29675,
	29672,
	29670,
	29667,
	29664,
	29662,
	29659,
	29656,
	29654,
	29651,
	29648,
	29646,
	29643,
	29640,
	29638,
	29635,
	29632,
	29629,
	29627,
	29624,
	29621,
	29619,
	29616,
	29613,
	29611,
	29608,
	29605,
	29603,
	29600,
	29597,
	29595,
	29592,
	29589,
	29586,
	29584,
	29581,
	29578,
	29576,
	29573,
	29570,
	29567,
	29565,
	29562,
	29559,
	29557,
	29554,
	29551,
	29548,
	29546,
	29543,
	29540,
	29538,
	29535,
	29532,
	29529,
	29527,
	29524,
	29521,
	29519,
	29516,
	29513,
	29510,
	29508,
	29505,
	29502,
	29499,
	29497,
	29494,
	29491,
	29488,
	29486,
	29483,
	29480,
	29478,
	29475,
	29472,
	29469,
	29467,
	29464,
	29461,
	29458,
	29456,
	29453,
	29450,
	29447,
	29445,
	29442,
	29439,
	29436,
	29433,
	29431,
	29428,
	29425,
	29422,
	29420,
	29417,
	29414,
	29411,
	29409,
	29406,
	29403,
	29400,
	29397,
	29395,
	29392,
	29389,
	29386,
	29384,
	29381,
	29378,
	29375,
	29372,
	29370,
	29367,
	29364,
	29361,
	29359,
	29356,
	29353,
	29350,
	29347,
	29345,
	29342,
	29339,
	29336,
	29333,
	29331,
	29328,
	29325,
	29322,
	29319,
	29317,
	29314,
	29311,
	29308,
	29305,
	29302,
	29300,
	29297,
	29294,
	29291,
	29288,
	29286,
	29283,
	29280,
	29277,
	29274,
	29271,
	29269,
	29266,
	29263,
	29260,
	29257,
	29255,
	29252,
	29249,
	29246,
	29243,
	29240,
	29238,
	29235,
	29232,
	29229,
	29226,
	29223,
	29220,
	29218,
	29215,
	29212,
	29209,
	29206,
	29203,
	29201,
	29198,
	29195,
	29192,
	29189,
	29186,
	29183,
	29181,
	29178,
	29175,
	29172,
	29169,
	29166,
	29163,
	29161,
	29158,
	29155,
	29152,
	29149,
	29146,
	29143,
	29140,
	29138,
	29135,
	29132,
	29129,
	29126,
	29123,
	29120,
	29117,
	29115,
	29112,
	29109,
	29106,
	29103,
	29100,
	29097,
	29094,
	29091,
	29089,
	29086,
	29083,
	29080,
	29077,
	29074,
	29071,
	29068,
	29065,
	29062,
	29060,
	29057,
	29054,
	29051,
	29048,
	29045,
	29042,
	29039,
	29036,
	29033,
	29031,
	29028,
	29025,
	29022,
	29019,
	29016,
	29013,
	29010,
	29007,
	29004,
	29001,
	28998,
	28995,
	28993,
	28990,
	28987,
	28984,
	28981,
	28978,
	28975,
	28972,
	28969,
	28966,
	28963,
	28960,
	28957,
	28954,
	28951,
	28948,
	28946,
	28943,
	28940,
	28937,
	28934,
	28931,
	28928,
	28925,
	28922,
	28919,
	28916,
	28913,
	28910,
	28907,
	28904,
	28901,
	28898,
	28895,
	28892,
	28889,
	28886,
	28883,
	28881,
	28878,
	28875,
	28872,
	28869,
	28866,
	28863,
	28860,
	28857,
	28854,
	28851,
	28848,
	28845,
	28842,
	28839,
	28836,
	28833,
	28830,
	28827,
	28824,
	28821,
	28818,
	28815,
	28812,
	28809,
	28806,
	28803,
	28800,
	28797,
	28794,
	28791,
	28788,
	28785,
	28782,
	28779,
	28776,
	28773,
	28770,
	28767,
	28764,
	28761,
	28758,
	28755,
	28752,
	28749,
	28746,
	28743,
	28740,
	28737,
	28734,
	28731,
	28728,
	28725,
	28722,
	28719,
	28716,
	28713,
	28710,
	28707,
	28704,
	28701,
	28697,
	28694,
	28691,
	28688,
	28685,
	28682,
	28679,
	28676,
	28673,
	28670,
	28667,
	28664,
	28661,
	28658,
	28655,
	28652,
	28649,
	28646,
	28643,
	28640,
	28637,
	28634,
	28630,
	28627,
	28624,
	28621,
	28618,
	28615,
	28612,
	28609,
	28606,
	28603,
	28600,
	28597,
	28594,
	28591,
	28588,
	28585,
	28581,
	28578,
	28575,
	28572,
	28569,
	28566,
	28563,
	28560,
	28557,
	28554,
	28551,
	28548,
	28545,
	28541,
	28538,
	28535,
	28532,
	28529,
	28526,
	28523,
	28520,
	28517,
	28514,
	28511,
	28507,
	28504,
	28501,
	28498,
	28495,
	28492,
	28489,
	28486,
	28483,
	28479,
	28476,
	28473,
	28470,
	28467,
	28464,
	28461,
	28458,
	28455,
	28451,
	28448,
	28445,
	28442,
	28439,
	28436,
	28433,
	28430,
	28427,
	28423,
	28420,
	28417,
	28414,
	28411,
	28408,
	28405,
	28401,
	28398,
	28395,
	28392,
	28389,
	28386,
	28383,
	28380,
	28376,
	28373,
	28370,
	28367,
	28364,
	28361,
	28358,
	28354,
	28351,
	28348,
	28345,
	28342,
	28339,
	28335,
	28332,
	28329,
	28326,
	28323,
	28320,
	28316,
	28313,
	28310,
	28307,
	28304,
	28301,
	28297,
	28294,
	28291,
	28288,
	28285,
	28282,
	28278,
	28275,
	28272,
	28269,
	28266,
	28263,
	28259,
	28256,
	28253,
	28250,
	28247,
	28243,
	28240,
	28237,
	28234,
	28231,
	28228,
	28224,
	28221,
	28218,
	28215,
	28212,
	28208,
	28205,
	28202,
	28199,
	28196,
	28192,
	28189,
	28186,
	28183,
	28180,
	28176,
	28173,
	28170,
	28167,
	28164,
	28160,
	28157,
	28154,
	28151,
	28147,
	28144,
	28141,
	28138,
	28135,
	28131,
	28128,
	28125,
	28122,
	28118,
	28115,
	28112,
	28109,
	28106,
	28102,
	28099,
	28096,
	28093,
	28089,
	28086,
	28083,
	28080,
	28076,
	28073,
	28070,
	28067,
	28063,
	28060,
	28057,
	28054,
	28050,
	28047,
	28044,
	28041,
	28037,
	28034,
	28031,
	28028,
	28024,
	28021,
	28018,
	28015,
	28011,
	28008,
	28005,
	28002,
	27998,
	27995,
	27992,
	27989,
	27985,
	27982,
	27979,
	27976,
	27972,
	27969,
	27966,
	27962,
	27959,
	27956,
	27953,
	27949,
	27946,
	27943,
	27939,
	27936,
	27933,
	27930,
	27926,
	27923,
	27920,
	27916,
	27913,
	27910,
	27907,
	27903,
	27900,
	27897,
	27893,
	27890,
	27887,
	27884,
	27880,
	27877,
	27874,
	27870,
	27867,
	27864,
	27860,
	27857,
	27854,
	27850,
	27847,
	27844,
	27841,
	27837,
	27834,
	27831,
	27827,
	27824,
	27821,
	27817,
	27814,
	27811,
	27807,
	27804,
	27801,
	27797,
	27794,
	27791,
	27787,
	27784,
	27781,
	27777,
	27774,
	27771,
	27767,
	27764,
	27761,
	27757,
	27754,
	27751,
	27747,
	27744,
	27741,
	27737,
	27734,
	27731,
	27727,
	27724,
	27721,
	27717,
	27714,
	27711,
	27707,
	27704,
	27700,
	27697,
	27694,
	27690,
	27687,
	27684,
	27680,
	27677,
	27674,
	27670,
	27667,
	27663,
	27660,
	27657,
	27653,
	27650,
	27647,
	27643,
	27640,
	27637,
	27633,
	27630,
	27626,
	27623,
	27620,
	27616,
	27613,
	27609,
	27606,
	27603,
	27599,
	27596,
	27593,
	27589,
	27586,
	27582,
	27579,
	27576,
	27572,
	27569,
	27565,
	27562,
	27559,
	27555,
	27552,
	27548,
	27545,
	27542,
	27538,
	27535,
	27531,
	27528,
	27525,
	27521,
	27518,
	27514,
	27511,
	27507,
	27504,
	27501,
	27497,
	27494,
	27490,
	27487,
	27484,
	27480,
	27477,
	27473,
	27470,
	27466,
	27463,
	27460,
	27456,
	27453,
	27449,
	27446,
	27442,
	27439,
	27436,
	27432,
	27429,
	27425,
	27422,
	27418,
	27415,
	27411,
	27408,
	27405,
	27401,
	27398,
	27394,
	27391,
	27387,
	27384,
	27380,
	27377,
	27374,
	27370,
	27367,
	27363,
	27360,
	27356,
	27353,
	27349,
	27346,
	27342,
	27339,
	27336,
	27332,
	27329,
	27325,
	27322,
	27318,
	27315,
	27311,
	27308,
	27304,
	27301,
	27297,
	27294,
	27290,
	27287,
	27283,
	27280,
	27276,
	27273,
	27270,
	27266,
	27263,
	27259,
	27256,
	27252,
	27249,
	27245,
	27242,
	27238,
	27235,
	27231,
	27228,
	27224,
	27221,
	27217,
	27214,
	27210,
	27207,
	27203,
	27200,
	27196,
	27193,
	27189,
	27186,
	27182,
	27179,
	27175,
	27172,
	27168,
	27165,
	27161,
	27158,
	27154,
	27150,
	27147,
	27143,
	27140,
	27136,
	27133,
	27129,
	27126,
	27122,
	27119,
	27115,
	27112,
	27108,
	27105,
	27101,
	27098,
	27094,
	27091,
	27087,
	27083,
	27080,
	27076,
	27073,
	27069,
	27066,
	27062,
	27059,
	27055,
	27052,
	27048,
	27045,
	27041,
	27037,
	27034,
	27030,
	27027,
	27023,
	27020,
	27016,
	27013,
	27009,
	27005,
	27002,
	26998,
	26995,
	26991,
	26988,
	26984,
	26980,
	26977,
	26973,
	26970,
	26966,
	26963,
	26959,
	26955,
	26952,
	26948,
	26945,
	26941,
	26938,
	26934,
	26930,
	26927,
	26923,
	26920,
	26916,
	26913,
	26909,
	26905,
	26902,
	26898,
	26895,
	26891,
	26887,
	26884,
	26880,
	26877,
	26873,
	26869,
	26866,
	26862,
	26859,
	26855,
	26851,
	26848,
	26844,
	26841,
	26837,
	26833,
	26830,
	26826,
	26823,
	26819,
	26815,
	26812,
	26808,
	26805,
	26801,
	26797,
	26794,
	26790,
	26787,
	26783,
	26779,
	26776,
	26772,
	26768,
	26765,
	26761,
	26758,
	26754,
	26750,
	26747,
	26743,
	26739,
	26736,
	26732,
	26728,
	26725,
	26721,
	26718,
	26714,
	26710,
	26707,
	26703,
	26699,
	26696,
	26692,
	26688,
	26685,
	26681,
	26677,
	26674,
	26670,
	26667,
	26663,
	26659,
	26656,
	26652,
	26648,
	26645,
	26641,
	26637,
	26634,
	26630,
	26626,
	26623,
	26619,
	26615,
	26612,
	26608,
	26604,
	26601,
	26597,
	26593,
	26590,
	26586,
	26582,
	26579,
	26575,
	26571,
	26568,
	26564,
	26560,
	26557,
	26553,
	26549,
	26546,
	26542,
	26538,
	26534,
	26531,
	26527,
	26523,
	26520,
	26516,
	26512,
	26509,
	26505,
	26501,
	26498,
	26494,
	26490,
	26486,
	26483,
	26479,
	26475,
	26472,
	26468,
	26464,
	26461,
	26457,
	26453,
	26449,
	26446,
	26442,
	26438,
	26435,
	26431,
	26427,
	26423,
	26420,
	26416,
	26412,
	26409,
	26405,
	26401,
	26397,
	26394,
	26390,
	26386,
	26382,
	26379,
	26375,
	26371,
	26368,
	26364,
	26360,
	26356,
	26353,
	26349,
	26345,
	26341,
	26338,
	26334,
	26330,
	26326,
	26323,
	26319,
	26315,
	26312,
	26308,
	26304,
	26300,
	26297,
	26293,
	26289,
	26285,
	26282,
	26278,
	26274,
	26270,
	26267,
	26263,
	26259,
	26255,
	26251,
	26248,
	26244,
	26240,
	26236,
	26233,
	26229,
	26225,
	26221,
	26218,
	26214,
	26210,
	26206,
	26203,
	26199,
	26195,
	26191,
	26187,
	26184,
	26180,
	26176,
	26172,
	26169,
	26165,
	26161,
	26157,
	26153,
	26150,
	26146,
	26142,
	26138,
	26134,
	26131,
	26127,
	26123,
	26119,
	26115,
	26112,
	26108,
	26104,
	26100,
	26096,
	26093,
	26089,
	26085,
	26081,
	26077,
	26074,
	26070,
	26066,
	26062,
	26058,
	26055,
	26051,
	26047,
	26043,
	26039,
	26036,
	26032,
	26028,
	26024,
	26020,
	26016,
	26013,
	26009,
	26005,
	26001,
	25997,
	25994,
	25990,
	25986,
	25982,
	25978,
	25974,
	25971,
	25967,
	25963,
	25959,
	25955,
	25951,
	25948,
	25944,
	25940,
	25936,
	25932,
	25928,
	25925,
	25921,
	25917,
	25913,
	25909,
	25905,
	25901,
	25898,
	25894,
	25890,
	25886,
	25882,
	25878,
	25875,
	25871,
	25867,
	25863,
	25859,
	25855,
	25851,
	25847,
	25844,
	25840,
	25836,
	25832,
	25828,
	25824,
	25820,
	25817,
	25813,
	25809,
	25805,
	25801,
	25797,
	25793,
	25789,
	25786,
	25782,
	25778,
	25774,
	25770,
	25766,
	25762,
	25758,
	25755,
	25751,
	25747,
	25743,
	25739,
	25735,
	25731,
	25727,
	25723,
	25720,
	25716,
	25712,
	25708,
	25704,
	25700,
	25696,
	25692,
	25688,
	25684,
	25681,
	25677,
	25673,
	25669,
	25665,
	25661,
	25657,
	25653,
	25649,
	25645,
	25641,
	25638,
	25634,
	25630,
	25626,
	25622,
	25618,
	25614,
	25610,
	25606,
	25602,
	25598,
	25594,
	25591,
	25587,
	25583,
	25579,
	25575,
	25571,
	25567,
	25563,
	25559,
	25555,
	25551,
	25547,
	25543,
	25539,
	25536,
	25532,
	25528,
	25524,
	25520,
	25516,
	25512,
	25508,
	25504,
	25500,
	25496,
	25492,
	25488,
	25484,
	25480,
	25476,
	25472,
	25468,
	25464,
	25461,
	25457,
	25453,
	25449,
	25445,
	25441,
	25437,
	25433,
	25429,
	25425,
	25421,
	25417,
	25413,
	25409,
	25405,
	25401,
	25397,
	25393,
	25389,
	25385,
	25381,
	25377,
	25373,
	25369,
	25365,
	25361,
	25357,
	25353,
	25349,
	25345,
	25341,
	25337,
	25333,
	25330,
	25326,
	25322,
	25318,
	25314,
	25310,
	25306,
	25302,
	25298,
	25294,
	25290,
	25286,
	25282,
	25278,
	25274,
	25270,
	25266,
	25262,
	25258,
	25254,
	25250,
	25246,
	25242,
	25238,
	25234,
	25230,
	25226,
	25222,
	25218,
	25214,
	25210,
	25205,
	25201,
	25197,
	25193,
	25189,
	25185,
	25181,
	25177,
	25173,
	25169,
	25165,
	25161,
	25157,
	25153,
	25149,
	25145,
	25141,
	25137,
	25133,
	25129,
	25125,
	25121,
	25117,
	25113,
	25109,
	25105,
	25101,
	25097,
	25093,
	25089,
	25085,
	25081,
	25077,
	25073,
	25068,
	25064,
	25060,
	25056,
	25052,
	25048,
	25044,
	25040,
	25036,
	25032,
	25028,
	25024,
	25020,
	25016,
	25012,
	25008,
	25004,
	25000,
	24995,
	24991,
	24987,
	24983,
	24979,
	24975,
	24971,
	24967,
	24963,
	24959,
	24955,
	24951,
	24947,
	24943,
	24939,
	24934,
	24930,
	24926,
	24922,
	24918,
	24914,
	24910,
	24906,
	24902,
	24898,
	24894,
	24890,
	24885,
	24881,
	24877,
	24873,
	24869,
	24865,
	24861,
	24857,
	24853,
	24849,
	24845,
	24840,
	24836,
	24832,
	24828,
	24824,
	24820,
	24816,
	24812,
	24808,
	24804,
	24799,
	24795,
	24791,
	24787,
	24783,
	24779,
	24775,
	24771,
	24767,
	24762,
	24758,
	24754,
	24750,
	24746,
	24742,
	24738,
	24734,
	24729,
	24725,
	24721,
	24717,
	24713,
	24709,
	24705,
	24701,
	24696,
	24692,
	24688,
	24684,
	24680,
	24676,
	24672,
	24668,
	24663,
	24659,
	24655,
	24651,
	24647,
	24643,
	24639,
	24634,
	24630,
	24626,
	24622,
	24618,
	24614,
	24610,
	24605,
	24601,
	24597,
	24593,
	24589,
	24585,
	24580,
	24576,
	24572,
	24568,
	24564,
	24560,
	24556,
	24551,
	24547,
	24543,
	24539,
	24535,
	24531,
	24526,
	24522,
	24518,
	24514,
	24510,
	24506,
	24501,
	24497,
	24493,
	24489,
	24485,
	24480,
	24476,
	24472,
	24468,
	24464,
	24460,
	24455,
	24451,
	24447,
	24443,
	24439,
	24434,
	24430,
	24426,
	24422,
	24418,
	24414,
	24409,
	24405,
	24401,
	24397,
	24393,
	24388,
	24384,
	24380,
	24376,
	24372,
	24367,
	24363,
	24359,
	24355,
	24351,
	24346,
	24342,
	24338,
	24334,
	24330,
	24325,
	24321,
	24317,
	24313,
	24309,
	24304,
	24300,
	24296,
	24292,
	24287,
	24283,
	24279,
	24275,
	24271,
	24266,
	24262,
	24258,
	24254,
	24249,
	24245,
	24241,
	24237,
	24233,
	24228,
	24224,
	24220,
	24216,
	24211,
	24207,
	24203,
	24199,
	24194,
	24190,
	24186,
	24182,
	24177,
	24173,
	24169,
	24165,
	24160,
	24156,
	24152,
	24148,
	24144,
	24139,
	24135,
	24131,
	24127,
	24122,
	24118,
	24114,
	24109,
	24105,
	24101,
	24097,
	24092,
	24088,
	24084,
	24080,
	24075,
	24071,
	24067,
	24063,
	24058,
	24054,
	24050,
	24046,
	24041,
	24037,
	24033,
	24028,
	24024,
	24020,
	24016,
	24011,
	24007,
	24003,
	23999,
	23994,
	23990,
	23986,
	23981,
	23977,
	23973,
	23969,
	23964,
	23960,
	23956,
	23951,
	23947,
	23943,
	23939,
	23934,
	23930,
	23926,
	23921,
	23917,
	23913,
	23909,
	23904,
	23900,
	23896,
	23891,
	23887,
	23883,
	23878,
	23874,
	23870,
	23866,
	23861,
	23857,
	23853,
	23848,
	23844,
	23840,
	23835,
	23831,
	23827,
	23822,
	23818,
	23814,
	23809,
	23805,
	23801,
	23797,
	23792,
	23788,
	23784,
	23779,
	23775,
	23771,
	23766,
	23762,
	23758,
	23753,
	23749,
	23745,
	23740,
	23736,
	23732,
	23727,
	23723,
	23719,
	23714,
	23710,
	23706,
	23701,
	23697,
	23693,
	23688,
	23684,
	23680,
	23675,
	23671,
	23667,
	23662,
	23658,
	23654,
	23649,
	23645,
	23640,
	23636,
	23632,
	23627,
	23623,
	23619,
	23614,
	23610,
	23606,
	23601,
	23597,
	23593,
	23588,
	23584,
	23579,
	23575,
	23571,
	23566,
	23562,
	23558,
	23553,
	23549,
	23545,
	23540,
	23536,
	23531,
	23527,
	23523,
	23518,
	23514,
	23510,
	23505,
	23501,
	23496,
	23492,
	23488,
	23483,
	23479,
	23474,
	23470,
	23466,
	23461,
	23457,
	23453,
	23448,
	23444,
	23439,
	23435,
	23431,
	23426,
	23422,
	23417,
	23413,
	23409,
	23404,
	23400,
	23395,
	23391,
	23387,
	23382,
	23378,
	23373,
	23369,
	23365,
	23360,
	23356,
	23351,
	23347,
	23343,
	23338,
	23334,
	23329,
	23325,
	23321,
	23316,
	23312,
	23307,
	23303,
	23298,
	23294,
	23290,
	23285,
	23281,
	23276,
	23272,
	23268,
	23263,
	23259,
	23254,
	23250,
	23245,
	23241,
	23237,
	23232,
	23228,
	23223,
	23219,
	23214,
	23210,
	23205,
	23201,
	23197,
	23192,
	23188,
	23183,
	23179,
	23174,
	23170,
	23166,
	23161,
	23157,
	23152,
	23148,
	23143,
	23139,
	23134,
	23130,
	23126,
	23121,
	23117,
	23112,
	23108,
	23103,
	23099,
	23094,
	23090,
	23085,
	23081,
	23076,
	23072,
	23068,
	23063,
	23059,
	23054,
	23050,
	23045,
	23041,
	23036,
	23032,
	23027,
	23023,
	23018,
	23014,
	23009,
	23005,
	23001,
	22996,
	22992,
	22987,
	22983,
	22978,
	22974,
	22969,
	22965,
	22960,
	22956,
	22951,
	22947,
	22942,
	22938,
	22933,
	22929,
	22924,
	22920,
	22915,
	22911,
	22906,
	22902,
	22897,
	22893,
	22888,
	22884,
	22879,
	22875,
	22870,
	22866,
	22861,
	22857,
	22852,
	22848,
	22843,
	22839,
	22834,
	22830,
	22825,
	22821,
	22816,
	22812,
	22807,
	22803,
	22798,
	22794,
	22789,
	22785,
	22780,
	22776,
	22771,
	22767,
	22762,
	22758,
	22753,
	22749,
	22744,
	22740,
	22735,
	22731,
	22726,
	22721,
	22717,
	22712,
	22708,
	22703,
	22699,
	22694,
	22690,
	22685,
	22681,
	22676,
	22672,
	22667,
	22663,
	22658,
	22653,
	22649,
	22644,
	22640,
	22635,
	22631,
	22626,
	22622,
	22617,
	22613,
	22608,
	22603,
	22599,
	22594,
	22590,
	22585,
	22581,
	22576,
	22572,
	22567,
	22562,
	22558,
	22553,
	22549,
	22544,
	22540,
	22535,
	22531,
	22526,
	22521,
	22517,
	22512,
	22508,
	22503,
	22499,
	22494,
	22489,
	22485,
	22480,
	22476,
	22471,
	22467,
	22462,
	22457,
	22453,
	22448,
	22444,
	22439,
	22435,
	22430,
	22425,
	22421,
	22416,
	22412,
	22407,
	22403,
	22398,
	22393,
	22389,
	22384,
	22380,
	22375,
	22370,
	22366,
	22361,
	22357,
	22352,
	22347,
	22343,
	22338,
	22334,
	22329,
	22324,
	22320,
	22315,
	22311,
	22306,
	22301,
	22297,
	22292,
	22288,
	22283,
	22278,
	22274,
	22269,
	22265,
	22260,
	22255,
	22251,
	22246,
	22242,
	22237,
	22232,
	22228,
	22223,
	22218,
	22214,
	22209,
	22205,
	22200,
	22195,
	22191,
	22186,
	22181,
	22177,
	22172,
	22168,
	22163,
	22158,
	22154,
	22149,
	22144,
	22140,
	22135,
	22131,
	22126,
	22121,
	22117,
	22112,
	22107,
	22103,
	22098,
	22093,
	22089,
	22084,
	22080,
	22075,
	22070,
	22066,
	22061,
	22056,
	22052,
	22047,
	22042,
	22038,
	22033,
	22028,
	22024,
	22019,
	22014,
	22010,
	22005,
	22000,
	21996,
	21991,
	21987,
	21982,
	21977,
	21973,
	21968,
	21963,
	21959,
	21954,
	21949,
	21945,
	21940,
	21935,
	21931,
	21926,
	21921,
	21917,
	21912,
	21907,
	21903,
	21898,
	21893,
	21889,
	21884,
	21879,
	21874,
	21870,
	21865,
	21860,
	21856,
	21851,
	21846,
	21842,
	21837,
	21832,
	21828,
	21823,
	21818,
	21814,
	21809,
	21804,
	21800,
	21795,
	21790,
	21785,
	21781,
	21776,
	21771,
	21767,
	21762,
	21757,
	21753,
	21748,
	21743,
	21738,
	21734,
	21729,
	21724,
	21720,
	21715,
	21710,
	21706,
	21701,
	21696,
	21691,
	21687,
	21682,
	21677,
	21673,
	21668,
	21663,
	21658,
	21654,
	21649,
	21644,
	21640,
	21635,
	21630,
	21625,
	21621,
	21616,
	21611,
	21607,
	21602,
	21597,
	21592,
	21588,
	21583,
	21578,
	21573,
	21569,
	21564,
	21559,
	21555,
	21550,
	21545,
	21540,
	21536,
	21531,
	21526,
	21521,
	21517,
	21512,
	21507,
	21502,
	21498,
	21493,
	21488,
	21483,
	21479,
	21474,
	21469,
	21464,
	21460,
	21455,
	21450,
	21445,
	21441,
	21436,
	21431,
	21426,
	21422,
	21417,
	21412,
	21407,
	21403,
	21398,
	21393,
	21388,
	21384,
	21379,
	21374,
	21369,
	21365,
	21360,
	21355,
	21350,
	21346,
	21341,
	21336,
	21331,
	21326,
	21322,
	21317,
	21312,
	21307,
	21303,
	21298,
	21293,
	21288,
	21283,
	21279,
	21274,
	21269,
	21264,
	21260,
	21255,
	21250,
	21245,
	21240,
	21236,
	21231,
	21226,
	21221,
	21217,
	21212,
	21207,
	21202,
	21197,
	21193,
	21188,
	21183,
	21178,
	21173,
	21169,
	21164,
	21159,
	21154,
	21149,
	21145,
	21140,
	21135,
	21130,
	21125,
	21121,
	21116,
	21111,
	21106,
	21101,
	21097,
	21092,
	21087,
	21082,
	21077,
	21073,
	21068,
	21063,
	21058,
	21053,
	21048,
	21044,
	21039,
	21034,
	21029,
	21024,
	21020,
	21015,
	21010,
	21005,
	21000,
	20995,
	20991,
	20986,
	20981,
	20976,
	20971,
	20966,
	20962,
	20957,
	20952,
	20947,
	20942,
	20937,
	20933,
	20928,
	20923,
	20918,
	20913,
	20908,
	20904,
	20899,
	20894,
	20889,
	20884,
	20879,
	20875,
	20870,
	20865,
	20860,
	20855,
	20850,
	20846,
	20841,
	20836,
	20831,
	20826,
	20821,
	20816,
	20812,
	20807,
	20802,
	20797,
	20792,
	20787,
	20782,
	20778,
	20773,
	20768,
	20763,
	20758,
	20753,
	20748,
	20744,
	20739,
	20734,
	20729,
	20724,
	20719,
	20714,
	20709,
	20705,
	20700,
	20695,
	20690,
	20685,
	20680,
	20675,
	20671,
	20666,
	20661,
	20656,
	20651,
	20646,
	20641,
	20636,
	20631,
	20627,
	20622,
	20617,
	20612,
	20607,
	20602,
	20597,
	20592,
	20588,
	20583,
	20578,
	20573,
	20568,
	20563,
	20558,
	20553,
	20548,
	20543,
	20539,
	20534,
	20529,
	20524,
	20519,
	20514,
	20509,
	20504,
	20499,
	20495,
	20490,
	20485,
	20480,
	20475,
	20470,
	20465,
	20460,
	20455,
	20450,
	20445,
	20441,
	20436,
	20431,
	20426,
	20421,
	20416,
	20411,
	20406,
	20401,
	20396,
	20391,
	20386,
	20382,
	20377,
	20372,
	20367,
	20362,
	20357,
	20352,
	20347,
	20342,
	20337,
	20332,
	20327,
	20322,
	20318,
	20313,
	20308,
	20303,
	20298,
	20293,
	20288,
	20283,
	20278,
	20273,
	20268,
	20263,
	20258,
	20253,
	20248,
	20244,
	20239,
	20234,
	20229,
	20224,
	20219,
	20214,
	20209,
	20204,
	20199,
	20194,
	20189,
	20184,
	20179,
	20174,
	20169,
	20164,
	20159,
	20154,
	20150,
	20145,
	20140,
	20135,
	20130,
	20125,
	20120,
	20115,
	20110,
	20105,
	20100,
	20095,
	20090,
	20085,
	20080,
	20075,
	20070,
	20065,
	20060,
	20055,
	20050,
	20045,
	20040,
	20035,
	20030,
	20025,
	20020,
	20015,
	20010,
	20006,
	20001,
	19996,
	19991,
	19986,
	19981,
	19976,
	19971,
	19966,
	19961,
	19956,
	19951,
	19946,
	19941,
	19936,
	19931,
	19926,
	19921,
	19916,
	19911,
	19906,
	19901,
	19896,
	19891,
	19886,
	19881,
	19876,
	19871,
	19866,
	19861,
	19856,
	19851,
	19846,
	19841,
	19836,
	19831,
	19826,
	19821,
	19816,
	19811,
	19806,
	19801,
	19796,
	19791,
	19786,
	19781,
	19776,
	19771,
	19766,
	19761,
	19756,
	19751,
	19746,
	19741,
	19736,
	19731,
	19726,
	19721,
	19716,
	19711,
	19706,
	19701,
	19696,
	19691,
	19686,
	19681,
	19675,
	19670,
	19665,
	19660,
	19655,
	19650,
	19645,
	19640,
	19635,
	19630,
	19625,
	19620,
	19615,
	19610,
	19605,
	19600,
	19595,
	19590,
	19585,
	19580,
	19575,
	19570,
	19565,
	19560,
	19555,
	19550,
	19545,
	19540,
	19535,
	19529,
	19524,
	19519,
	19514,
	19509,
	19504,
	19499,
	19494,
	19489,
	19484,
	19479,
	19474,
	19469,
	19464,
	19459,
	19454,
	19449,
	19444,
	19439,
	19433,
	19428,
	19423,
	19418,
	19413,
	19408,
	19403,
	19398,
	19393,
	19388,
	19383,
	19378,
	19373,
	19368,
	19363,
	19358,
	19352,
	19347,
	19342,
	19337,
	19332,
	19327,
	19322,
	19317,
	19312,
	19307,
	19302,
	19297,
	19292,
	19286,
	19281,
	19276,
	19271,
	19266,
	19261,
	19256,
	19251,
	19246,
	19241,
	19236,
	19231,
	19225,
	19220,
	19215,
	19210,
	19205,
	19200,
	19195,
	19190,
	19185,
	19180,
	19175,
	19169,
	19164,
	19159,
	19154,
	19149,
	19144,
	19139,
	19134,
	19129,
	19124,
	19118,
	19113,
	19108,
	19103,
	19098,
	19093,
	19088,
	19083,
	19078,
	19073,
	19067,
	19062,
	19057,
	19052,
	19047,
	19042,
	19037,
	19032,
	19026,
	19021,
	19016,
	19011,
	19006,
	19001,
	18996,
	18991,
	18986,
	18980,
	18975,
	18970,
	18965,
	18960,
	18955,
	18950,
	18945,
	18939,
	18934,
	18929,
	18924,
	18919,
	18914,
	18909,
	18904,
	18898,
	18893,
	18888,
	18883,
	18878,
	18873,
	18868,
	18862,
	18857,
	18852,
	18847,
	18842,
	18837,
	18832,
	18826,
	18821,
	18816,
	18811,
	18806,
	18801,
	18796,
	18790,
	18785,
	18780,
	18775,
	18770,
	18765,
	18760,
	18754,
	18749,
	18744,
	18739,
	18734,
	18729,
	18723,
	18718,
	18713,
	18708,
	18703,
	18698,
	18693,
	18687,
	18682,
	18677,
	18672,
	18667,
	18662,
	18656,
	18651,
	18646,
	18641,
	18636,
	18631,
	18625,
	18620,
	18615,
	18610,
	18605,
	18600,
	18594,
	18589,
	18584,
	18579,
	18574,
	18568,
	18563,
	18558,
	18553,
	18548,
	18543,
	18537,
	18532,
	18527,
	18522,
	18517,
	18511,
	18506,
	18501,
	18496,
	18491,
	18486,
	18480,
	18475,
	18470,
	18465,
	18460,
	18454,
	18449,
	18444,
	18439,
	18434,
	18428,
	18423,
	18418,
	18413,
	18408,
	18402,
	18397,
	18392,
	18387,
	18382,
	18376,
	18371,
	18366,
	18361,
	18356,
	18350,
	18345,
	18340,
	18335,
	18330,
	18324,
	18319,
	18314,
	18309,
	18304,
	18298,
	18293,
	18288,
	18283,
	18277,
	18272,
	18267,
	18262,
	18257,
	18251,
	18246,
	18241,
	18236,
	18231,
	18225,
	18220,
	18215,
	18210,
	18204,
	18199,
	18194,
	18189,
	18184,
	18178,
	18173,
	18168,
	18163,
	18157,
	18152,
	18147,
	18142,
	18136,
	18131,
	18126,
	18121,
	18116,
	18110,
	18105,
	18100,
	18095,
	18089,
	18084,
	18079,
	18074,
	18068,
	18063,
	18058,
	18053,
	18047,
	18042,
	18037,
	18032,
	18026,
	18021,
	18016,
	18011,
	18005,
	18000,
	17995,
	17990,
	17984,
	17979,
	17974,
	17969,
	17963,
	17958,
	17953,
	17948,
	17942,
	17937,
	17932,
	17927,
	17921,
	17916,
	17911,
	17906,
	17900,
	17895,
	17890,
	17885,
	17879,
	17874,
	17869,
	17863,
	17858,
	17853,
	17848,
	17842,
	17837,
	17832,
	17827,
	17821,
	17816,
	17811,
	17805,
	17800,
	17795,
	17790,
	17784,
	17779,
	17774,
	17769,
	17763,
	17758,
	17753,
	17747,
	17742,
	17737,
	17732,
	17726,
	17721,
	17716,
	17710,
	17705,
	17700,
	17695,
	17689,
	17684,
	17679,
	17673,
	17668,
	17663,
	17658,
	17652,
	17647,
	17642,
	17636,
	17631,
	17626,
	17620,
	17615,
	17610,
	17605,
	17599,
	17594,
	17589,
	17583,
	17578,
	17573,
	17567,
	17562,
	17557,
	17552,
	17546,
	17541,
	17536,
	17530,
	17525,
	17520,
	17514,
	17509,
	17504,
	17498,
	17493,
	17488,
	17483,
	17477,
	17472,
	17467,
	17461,
	17456,
	17451,
	17445,
	17440,
	17435,
	17429,
	17424,
	17419,
	17413,
	17408,
	17403,
	17397,
	17392,
	17387,
	17381,
	17376,
	17371,
	17365,
	17360,
	17355,
	17349,
	17344,
	17339,
	17333,
	17328,
	17323,
	17317,
	17312,
	17307,
	17301,
	17296,
	17291,
	17285,
	17280,
	17275,
	17269,
	17264,
	17259,
	17253,
	17248,
	17243,
	17237,
	17232,
	17227,
	17221,
	17216,
	17211,
	17205,
	17200,
	17195,
	17189,
	17184,
	17179,
	17173,
	17168,
	17163,
	17157,
	17152,
	17146,
	17141,
	17136,
	17130,
	17125,
	17120,
	17114,
	17109,
	17104,
	17098,
	17093,
	17088,
	17082,
	17077,
	17071,
	17066,
	17061,
	17055,
	17050,
	17045,
	17039,
	17034,
	17028,
	17023,
	17018,
	17012,
	17007,
	17002,
	16996,
	16991,
	16986,
	16980,
	16975,
	16969,
	16964,
	16959,
	16953,
	16948,
	16943,
	16937,
	16932,
	16926,
	16921,
	16916,
	16910,
	16905,
	16899,
	16894,
	16889,
	16883,
	16878,
	16873,
	16867,
	16862,
	16856,
	16851,
	16846,
	16840,
	16835,
	16829,
	16824,
	16819,
	16813,
	16808,
	16802,
	16797,
	16792,
	16786,
	16781,
	16776,
	16770,
	16765,
	16759,
	16754,
	16749,
	16743,
	16738,
	16732,
	16727,
	16722,
	16716,
	16711,
	16705,
	16700,
	16694,
	16689,
	16684,
	16678,
	16673,
	16667,
	16662,
	16657,
	16651,
	16646,
	16640,
	16635,
	16630,
	16624,
	16619,
	16613,
	16608,
	16602,
	16597,
	16592,
	16586,
	16581,
	16575,
	16570,
	16565,
	16559,
	16554,
	16548,
	16543,
	16537,
	16532,
	16527,
	16521,
	16516,
	16510,
	16505,
	16499,
	16494,
	16489,
	16483,
	16478,
	16472,
	16467,
	16461,
	16456,
	16451,
	16445,
	16440,
	16434,
	16429,
	16423,
	16418,
	16413,
	16407,
	16402,
	16396,
	16391,
	16385,
	16380,
	16374,
	16369,
	16364,
	16358,
	16353,
	16347,
	16342,
	16336,
	16331,
	16325,
	16320,
	16315,
	16309,
	16304,
	16298,
	16293,
	16287,
	16282,
	16276,
	16271,
	16265,
	16260,
	16255,
	16249,
	16244,
	16238,
	16233,
	16227,
	16222,
	16216,
	16211,
	16205,
	16200,
	16195,
	16189,
	16184,
	16178,
	16173,
	16167,
	16162,
	16156,
	16151,
	16145,
	16140,
	16134,
	16129,
	16123,
	16118,
	16113,
	16107,
	16102,
	16096,
	16091,
	16085,
	16080,
	16074,
	16069,
	16063,
	16058,
	16052,
	16047,
	16041,
	16036,
	16030,
	16025,
	16019,
	16014,
	16008,
	16003,
	15997,
	15992,
	15987,
	15981,
	15976,
	15970,
	15965,
	15959,
	15954,
	15948,
	15943,
	15937,
	15932,
	15926,
	15921,
	15915,
	15910,
	15904,
	15899,
	15893,
	15888,
	15882,
	15877,
	15871,
	15866,
	15860,
	15855,
	15849,
	15844,
	15838,
	15833,
	15827,
	15822,
	15816,
	15811,
	15805,
	15800,
	15794,
	15789,
	15783,
	15778,
	15772,
	15767,
	15761,
	15756,
	15750,
	15745,
	15739,
	15734,
	15728,
	15723,
	15717,
	15712,
	15706,
	15701,
	15695,
	15689,
	15684,
	15678,
	15673,
	15667,
	15662,
	15656,
	15651,
	15645,
	15640,
	15634,
	15629,
	15623,
	15618,
	15612,
	15607,
	15601,
	15596,
	15590,
	15585,
	15579,
	15574,
	15568,
	15562,
	15557,
	15551,
	15546,
	15540,
	15535,
	15529,
	15524,
	15518,
	15513,
	15507,
	15502,
	15496,
	15491,
	15485,
	15479,
	15474,
	15468,
	15463,
	15457,
	15452,
	15446,
	15441,
	15435,
	15430,
	15424,
	15419,
	15413,
	15407,
	15402,
	15396,
	15391,
	15385,
	15380,
	15374,
	15369,
	15363,
	15357,
	15352,
	15346,
	15341,
	15335,
	15330,
	15324,
	15319,
	15313,
	15308,
	15302,
	15296,
	15291,
	15285,
	15280,
	15274,
	15269,
	15263,
	15257,
	15252,
	15246,
	15241,
	15235,
	15230,
	15224,
	15219,
	15213,
	15207,
	15202,
	15196,
	15191,
	15185,
	15180,
	15174,
	15168,
	15163,
	15157,
	15152,
	15146,
	15141,
	15135,
	15129,
	15124,
	15118,
	15113,
	15107,
	15102,
	15096,
	15090,
	15085,
	15079,
	15074,
	15068,
	15063,
	15057,
	15051,
	15046,
	15040,
	15035,
	15029,
	15023,
	15018,
	15012,
	15007,
	15001,
	14996,
	14990,
	14984,
	14979,
	14973,
	14968,
	14962,
	14956,
	14951,
	14945,
	14940,
	14934,
	14928,
	14923,
	14917,
	14912,
	14906,
	14900,
	14895,
	14889,
	14884,
	14878,
	14873,
	14867,
	14861,
	14856,
	14850,
	14845,
	14839,
	14833,
	14828,
	14822,
	14816,
	14811,
	14805,
	14800,
	14794,
	14788,
	14783,
	14777,
	14772,
	14766,
	14760,
	14755,
	14749,
	14744,
	14738,
	14732,
	14727,
	14721,
	14716,
	14710,
	14704,
	14699,
	14693,
	14687,
	14682,
	14676,
	14671,
	14665,
	14659,
	14654,
	14648,
	14642,
	14637,
	14631,
	14626,
	14620,
	14614,
	14609,
	14603,
	14598,
	14592,
	14586,
	14581,
	14575,
	14569,
	14564,
	14558,
	14552,
	14547,
	14541,
	14536,
	14530,
	14524,
	14519,
	14513,
	14507,
	14502,
	14496,
	14491,
	14485,
	14479,
	14474,
	14468,
	14462,
	14457,
	14451,
	14445,
	14440,
	14434,
	14429,
	14423,
	14417,
	14412,
	14406,
	14400,
	14395,
	14389,
	14383,
	14378,
	14372,
	14366,
	14361,
	14355,
	14349,
	14344,
	14338,
	14333,
	14327,
	14321,
	14316,
	14310,
	14304,
	14299,
	14293,
	14287,
	14282,
	14276,
	14270,
	14265,
	14259,
	14253,
	14248,
	14242,
	14236,
	14231,
	14225,
	14219,
	14214,
	14208,
	14202,
	14197,
	14191,
	14185,
	14180,
	14174,
	14168,
	14163,
	14157,
	14151,
	14146,
	14140,
	14134,
	14129,
	14123,
	14117,
	14112,
	14106,
	14100,
	14095,
	14089,
	14083,
	14078,
	14072,
	14066,
	14061,
	14055,
	14049,
	14044,
	14038,
	14032,
	14027,
	14021,
	14015,
	14010,
	14004,
	13998,
	13993,
	13987,
	13981,
	13976,
	13970,
	13964,
	13958,
	13953,
	13947,
	13941,
	13936,
	13930,
	13924,
	13919,
	13913,
	13907,
	13902,
	13896,
	13890,
	13885,
	13879,
	13873,
	13867,
	13862,
	13856,
	13850,
	13845,
	13839,
	13833,
	13828,
	13822,
	13816,
	13811,
	13805,
	13799,
	13793,
	13788,
	13782,
	13776,
	13771,
	13765,
	13759,
	13754,
	13748,
	13742,
	13736,
	13731,
	13725,
	13719,
	13714,
	13708,
	13702,
	13696,
	13691,
	13685,
	13679,
	13674,
	13668,
	13662,
	13656,
	13651,
	13645,
	13639,
	13634,
	13628,
	13622,
	13616,
	13611,
	13605,
	13599,
	13594,
	13588,
	13582,
	13576,
	13571,
	13565,
	13559,
	13554,
	13548,
	13542,
	13536,
	13531,
	13525,
	13519,
	13514,
	13508,
	13502,
	13496,
	13491,
	13485,
	13479,
	13473,
	13468,
	13462,
	13456,
	13451,
	13445,
	13439,
	13433,
	13428,
	13422,
	13416,
	13410,
	13405,
	13399,
	13393,
	13387,
	13382,
	13376,
	13370,
	13365,
	13359,
	13353,
	13347,
	13342,
	13336,
	13330,
	13324,
	13319,
	13313,
	13307,
	13301,
	13296,
	13290,
	13284,
	13278,
	13273,
	13267,
	13261,
	13255,
	13250,
	13244,
	13238,
	13232,
	13227,
	13221,
	13215,
	13209,
	13204,
	13198,
	13192,
	13186,
	13181,
	13175,
	13169,
	13163,
	13158,
	13152,
	13146,
	13140,
	13135,
	13129,
	13123,
	13117,
	13112,
	13106,
	13100,
	13094,
	13089,
	13083,
	13077,
	13071,
	13066,
	13060,
	13054,
	13048,
	13043,
	13037,
	13031,
	13025,
	13019,
	13014,
	13008,
	13002,
	12996,
	12991,
	12985,
	12979,
	12973,
	12968,
	12962,
	12956,
	12950,
	12944,
	12939,
	12933,
	12927,
	12921,
	12916,
	12910,
	12904,
	12898,
	12893,
	12887,
	12881,
	12875,
	12869,
	12864,
	12858,
	12852,
	12846,
	12840,
	12835,
	12829,
	12823,
	12817,
	12812,
	12806,
	12800,
	12794,
	12788,
	12783,
	12777,
	12771,
	12765,
	12760,
	12754,
	12748,
	12742,
	12736,
	12731,
	12725,
	12719,
	12713,
	12707,
	12702,
	12696,
	12690,
	12684,
	12678,
	12673,
	12667,
	12661,
	12655,
	12649,
	12644,
	12638,
	12632,
	12626,
	12620,
	12615,
	12609,
	12603,
	12597,
	12591,
	12586,
	12580,
	12574,
	12568,
	12562,
	12557,
	12551,
	12545,
	12539,
	12533,
	12528,
	12522,
	12516,
	12510,
	12504,
	12499,
	12493,
	12487,
	12481,
	12475,
	12470,
	12464,
	12458,
	12452,
	12446,
	12441,
	12435,
	12429,
	12423,
	12417,
	12411,
	12406,
	12400,
	12394,
	12388,
	12382,
	12377,
	12371,
	12365,
	12359,
	12353,
	12347,
	12342,
	12336,
	12330,
	12324,
	12318,
	12313,
	12307,
	12301,
	12295,
	12289,
	12283,
	12278,
	12272,
	12266,
	12260,
	12254,
	12248,
	12243,
	12237,
	12231,
	12225,
	12219,
	12213,
	12208,
	12202,
	12196,
	12190,
	12184,
	12178,
	12173,
	12167,
	12161,
	12155,
	12149,
	12143,
	12138,
	12132,
	12126,
	12120,
	12114,
	12108,
	12103,
	12097,
	12091,
	12085,
	12079,
	12073,
	12068,
	12062,
	12056,
	12050,
	12044,
	12038,
	12033,
	12027,
	12021,
	12015,
	12009,
	12003,
	11997,
	11992,
	11986,
	11980,
	11974,
	11968,
	11962,
	11957,
	11951,
	11945,
	11939,
	11933,
	11927,
	11921,
	11916,
	11910,
	11904,
	11898,
	11892,
	11886,
	11880,
	11875,
	11869,
	11863,
	11857,
	11851,
	11845,
	11839,
	11834,
	11828,
	11822,
	11816,
	11810,
	11804,
	11798,
	11793,
	11787,
	11781,
	11775,
	11769,
	11763,
	11757,
	11751,
	11746,
	11740,
	11734,
	11728,
	11722,
	11716,
	11710,
	11705,
	11699,
	11693,
	11687,
	11681,
	11675,
	11669,
	11663,
	11658,
	11652,
	11646,
	11640,
	11634,
	11628,
	11622,
	11616,
	11611,
	11605,
	11599,
	11593,
	11587,
	11581,
	11575,
	11569,
	11564,
	11558,
	11552,
	11546,
	11540,
	11534,
	11528,
	11522,
	11517,
	11511,
	11505,
	11499,
	11493,
	11487,
	11481,
	11475,
	11469,
	11464,
	11458,
	11452,
	11446,
	11440,
	11434,
	11428,
	11422,
	11416,
	11411,
	11405,
	11399,
	11393,
	11387,
	11381,
	11375,
	11369,
	11363,
	11358,
	11352,
	11346,
	11340,
	11334,
	11328,
	11322,
	11316,
	11310,
	11305,
	11299,
	11293,
	11287,
	11281,
	11275,
	11269,
	11263,
	11257,
	11251,
	11246,
	11240,
	11234,
	11228,
	11222,
	11216,
	11210,
	11204,
	11198,
	11192,
	11186,
	11181,
	11175,
	11169,
	11163,
	11157,
	11151,
	11145,
	11139,
	11133,
	11127,
	11121,
	11116,
	11110,
	11104,
	11098,
	11092,
	11086,
	11080,
	11074,
	11068,
	11062,
	11056,
	11051,
	11045,
	11039,
	11033,
	11027,
	11021,
	11015,
	11009,
	11003,
	10997,
	10991,
	10985,
	10980,
	10974,
	10968,
	10962,
	10956,
	10950,
	10944,
	10938,
	10932,
	10926,
	10920,
	10914,
	10908,
	10903,
	10897,
	10891,
	10885,
	10879,
	10873,
	10867,
	10861,
	10855,
	10849,
	10843,
	10837,
	10831,
	10825,
	10820,
	10814,
	10808,
	10802,
	10796,
	10790,
	10784,
	10778,
	10772,
	10766,
	10760,
	10754,
	10748,
	10742,
	10736,
	10731,
	10725,
	10719,
	10713,
	10707,
	10701,
	10695,
	10689,
	10683,
	10677,
	10671,
	10665,
	10659,
	10653,
	10647,
	10641,
	10635,
	10630,
	10624,
	10618,
	10612,
	10606,
	10600,
	10594,
	10588,
	10582,
	10576,
	10570,
	10564,
	10558,
	10552,
	10546,
	10540,
	10534,
	10528,
	10523,
	10517,
	10511,
	10505,
	10499,
	10493,
	10487,
	10481,
	10475,
	10469,
	10463,
	10457,
	10451,
	10445,
	10439,
	10433,
	10427,
	10421,
	10415,
	10409,
	10403,
	10397,
	10392,
	10386,
	10380,
	10374,
	10368,
	10362,
	10356,
	10350,
	10344,
	10338,
	10332,
	10326,
	10320,
	10314,
	10308,
	10302,
	10296,
	10290,
	10284,
	10278,
	10272,
	10266,
	10260,
	10254,
	10248,
	10242,
	10236,
	10230,
	10225,
	10219,
	10213,
	10207,
	10201,
	10195,
	10189,
	10183,
	10177,
	10171,
	10165,
	10159,
	10153,
	10147,
	10141,
	10135,
	10129,
	10123,
	10117,
	10111,
	10105,
	10099,
	10093,
	10087,
	10081,
	10075,
	10069,
	10063,
	10057,
	10051,
	10045,
	10039,
	10033,
	10027,
	10021,
	10015,
	10009,
	10003,
	9997,
	9991,
	9985,
	9979,
	9973,
	9967,
	9961,
	9956,
	9950,
	9944,
	9938,
	9932,
	9926,
	9920,
	9914,
	9908,
	9902,
	9896,
	9890,
	9884,
	9878,
	9872,
	9866,
	9860,
	9854,
	9848,
	9842,
	9836,
	9830,
	9824,
	9818,
	9812,
	9806,
	9800,
	9794,
	9788,
	9782,
	9776,
	9770,
	9764,
	9758,
	9752,
	9746,
	9740,
	9734,
	9728,
	9722,
	9716,
	9710,
	9704,
	9698,
	9692,
	9686,
	9680,
	9674,
	9668,
	9662,
	9656,
	9650,
	9644,
	9638,
	9632,
	9626,
	9620,
	9614,
	9608,
	9602,
	9596,
	9590,
	9584,
	9578,
	9572,
	9566,
	9560,
	9554,
	9548,
	9542,
	9536,
	9530,
	9524,
	9518,
	9512,
	9506,
	9500,
	9494,
	9487,
	9481,
	9475,
	9469,
	9463,
	9457,
	9451,
	9445,
	9439,
	9433,
	9427,
	9421,
	9415,
	9409,
	9403,
	9397,
	9391,
	9385,
	9379,
	9373,
	9367,
	9361,
	9355,
	9349,
	9343,
	9337,
	9331,
	9325,
	9319,
	9313,
	9307,
	9301,
	9295,
	9289,
	9283,
	9277,
	9271,
	9265,
	9259,
	9253,
	9247,
	9241,
	9235,
	9229,
	9223,
	9217,
	9210,
	9204,
	9198,
	9192,
	9186,
	9180,
	9174,
	9168,
	9162,
	9156,
	9150,
	9144,
	9138,
	9132,
	9126,
	9120,
	9114,
	9108,
	9102,
	9096,
	9090,
	9084,
	9078,
	9072,
	9066,
	9060,
	9054,
	9048,
	9042,
	9035,
	9029,
	9023,
	9017,
	9011,
	9005,
	8999,
	8993,
	8987,
	8981,
	8975,
	8969,
	8963,
	8957,
	8951,
	8945,
	8939,
	8933,
	8927,
	8921,
	8915,
	8909,
	8903,
	8896,
	8890,
	8884,
	8878,
	8872,
	8866,
	8860,
	8854,
	8848,
	8842,
	8836,
	8830,
	8824,
	8818,
	8812,
	8806,
	8800,
	8794,
	8788,
	8782,
	8775,
	8769,
	8763,
	8757,
	8751,
	8745,
	8739,
	8733,
	8727,
	8721,
	8715,
	8709,
	8703,
	8697,
	8691,
	8685,
	8679,
	8673,
	8666,
	8660,
	8654,
	8648,
	8642,
	8636,
	8630,
	8624,
	8618,
	8612,
	8606,
	8600,
	8594,
	8588,
	8582,
	8576,
	8569,
	8563,
	8557,
	8551,
	8545,
	8539,
	8533,
	8527,
	8521,
	8515,
	8509,
	8503,
	8497,
	8491,
	8485,
	8478,
	8472,
	8466,
	8460,
	8454,
	8448,
	8442,
	8436,
	8430,
	8424,
	8418,
	8412,
	8406,
	8400,
	8393,
	8387,
	8381,
	8375,
	8369,
	8363,
	8357,
	8351,
	8345,
	8339,
	8333,
	8327,
	8321,
	8314,
	8308,
	8302,
	8296,
	8290,
	8284,
	8278,
	8272,
	8266,
	8260,
	8254,
	8248,
	8242,
	8235,
	8229,
	8223,
	8217,
	8211,
	8205,
	8199,
	8193,
	8187,
	8181,
	8175,
	8169,
	8162,
	8156,
	8150,
	8144,
	8138,
	8132,
	8126,
	8120,
	8114,
	8108,
	8102,
	8095,
	8089,
	8083,
	8077,
	8071,
	8065,
	8059,
	8053,
	8047,
	8041,
	8035,
	8029,
	8022,
	8016,
	8010,
	8004,
	7998,
	7992,
	7986,
	7980,
	7974,
	7968,
	7961,
	7955,
	7949,
	7943,
	7937,
	7931,
	7925,
	7919,
	7913,
	7907,
	7901,
	7894,
	7888,
	7882,
	7876,
	7870,
	7864,
	7858,
	7852,
	7846,
	7840,
	7833,
	7827,
	7821,
	7815,
	7809,
	7803,
	7797,
	7791,
	7785,
	7778,
	7772,
	7766,
	7760,
	7754,
	7748,
	7742,
	7736,
	7730,
	7724,
	7717,
	7711,
	7705,
	7699,
	7693,
	7687,
	7681,
	7675,
	7669,
	7662,
	7656,
	7650,
	7644,
	7638,
	7632,
	7626,
	7620,
	7614,
	7607,
	7601,
	7595,
	7589,
	7583,
	7577,
	7571,
	7565,
	7559,
	7552,
	7546,
	7540,
	7534,
	7528,
	7522,
	7516,
	7510,
	7504,
	7497,
	7491,
	7485,
	7479,
	7473,
	7467,
	7461,
	7455,
	7448,
	7442,
	7436,
	7430,
	7424,
	7418,
	7412,
	7406,
	7400,
	7393,
	7387,
	7381,
	7375,
	7369,
	7363,
	7357,
	7351,
	7344,
	7338,
	7332,
	7326,
	7320,
	7314,
	7308,
	7302,
	7295,
	7289,
	7283,
	7277,
	7271,
	7265,
	7259,
	7253,
	7246,
	7240,
	7234,
	7228,
	7222,
	7216,
	7210,
	7204,
	7197,
	7191,
	7185,
	7179,
	7173,
	7167,
	7161,
	7154,
	7148,
	7142,
	7136,
	7130,
	7124,
	7118,
	7112,
	7105,
	7099,
	7093,
	7087,
	7081,
	7075,
	7069,
	7062,
	7056,
	7050,
	7044,
	7038,
	7032,
	7026,
	7020,
	7013,
	7007,
	7001,
	6995,
	6989,
	6983,
	6977,
	6970,
	6964,
	6958,
	6952,
	6946,
	6940,
	6934,
	6927,
	6921,
	6915,
	6909,
	6903,
	6897,
	6891,
	6884,
	6878,
	6872,
	6866,
	6860,
	6854,
	6848,
	6841,
	6835,
	6829,
	6823,
	6817,
	6811,
	6805,
	6798,
	6792,
	6786,
	6780,
	6774,
	6768,
	6762,
	6755,
	6749,
	6743,
	6737,
	6731,
	6725,
	6718,
	6712,
	6706,
	6700,
	6694,
	6688,
	6682,
	6675,
	6669,
	6663,
	6657,
	6651,
	6645,
	6639,
	6632,
	6626,
	6620,
	6614,
	6608,
	6602,
	6595,
	6589,
	6583,
	6577,
	6571,
	6565,
	6559,
	6552,
	6546,
	6540,
	6534,
	6528,
	6522,
	6515,
	6509,
	6503,
	6497,
	6491,
	6485,
	6478,
	6472,
	6466,
	6460,
	6454,
	6448,
	6442,
	6435,
	6429,
	6423,
	6417,
	6411,
	6405,
	6398,
	6392,
	6386,
	6380,
	6374,
	6368,
	6361,
	6355,
	6349,
	6343,
	6337,
	6331,
	6324,
	6318,
	6312,
	6306,
	6300,
	6294,
	6287,
	6281,
	6275,
	6269,
	6263,
	6257,
	6250,
	6244,
	6238,
	6232,
	6226,
	6220,
	6213,
	6207,
	6201,
	6195,
	6189,
	6183,
	6176,
	6170,
	6164,
	6158,
	6152,
	6146,
	6139,
	6133,
	6127,
	6121,
	6115,
	6109,
	6102,
	6096,
	6090,
	6084,
	6078,
	6071,
	6065,
	6059,
	6053,
	6047,
	6041,
	6034,
	6028,
	6022,
	6016,
	6010,
	6004,
	5997,
	5991,
	5985,
	5979,
	5973,
	5966,
	5960,
	5954,
	5948,
	5942,
	5936,
	5929,
	5923,
	5917,
	5911,
	5905,
	5898,
	5892,
	5886,
	5880,
	5874,
	5868,
	5861,
	5855,
	5849,
	5843,
	5837,
	5830,
	5824,
	5818,
	5812,
	5806,
	5800,
	5793,
	5787,
	5781,
	5775,
	5769,
	5762,
	5756,
	5750,
	5744,
	5738,
	5732,
	5725,
	5719,
	5713,
	5707,
	5701,
	5694,
	5688,
	5682,
	5676,
	5670,
	5663,
	5657,
	5651,
	5645,
	5639,
	5633,
	5626,
	5620,
	5614,
	5608,
	5602,
	5595,
	5589,
	5583,
	5577,
	5571,
	5564,
	5558,
	5552,
	5546,
	5540,
	5533,
	5527,
	5521,
	5515,
	5509,
	5503,
	5496,
	5490,
	5484,
	5478,
	5472,
	5465,
	5459,
	5453,
	5447,
	5441,
	5434,
	5428,
	5422,
	5416,
	5410,
	5403,
	5397,
	5391,
	5385,
	5379,
	5372,
	5366,
	5360,
	5354,
	5348,
	5341,
	5335,
	5329,
	5323,
	5317,
	5310,
	5304,
	5298,
	5292,
	5286,
	5279,
	5273,
	5267,
	5261,
	5255,
	5248,
	5242,
	5236,
	5230,
	5224,
	5217,
	5211,
	5205,
	5199,
	5193,
	5186,
	5180,
	5174,
	5168,
	5162,
	5155,
	5149,
	5143,
	5137,
	5131,
	5124,
	5118,
	5112,
	5106,
	5099,
	5093,
	5087,
	5081,
	5075,
	5068,
	5062,
	5056,
	5050,
	5044,
	5037,
	5031,
	5025,
	5019,
	5013,
	5006,
	5000,
	4994,
	4988,
	4982,
	4975,
	4969,
	4963,
	4957,
	4950,
	4944,
	4938,
	4932,
	4926,
	4919,
	4913,
	4907,
	4901,
	4895,
	4888,
	4882,
	4876,
	4870,
	4863,
	4857,
	4851,
	4845,
	4839,
	4832,
	4826,
	4820,
	4814,
	4808,
	4801,
	4795,
	4789,
	4783,
	4776,
	4770,
	4764,
	4758,
	4752,
	4745,
	4739,
	4733,
	4727,
	4721,
	4714,
	4708,
	4702,
	4696,
	4689,
	4683,
	4677,
	4671,
	4665,
	4658,
	4652,
	4646,
	4640,
	4633,
	4627,
	4621,
	4615,
	4609,
	4602,
	4596,
	4590,
	4584,
	4577,
	4571,
	4565,
	4559,
	4553,
	4546,
	4540,
	4534,
	4528,
	4521,
	4515,
	4509,
	4503,
	4497,
	4490,
	4484,
	4478,
	4472,
	4465,
	4459,
	4453,
	4447,
	4441,
	4434,
	4428,
	4422,
	4416,
	4409,
	4403,
	4397,
	4391,
	4385,
	4378,
	4372,
	4366,
	4360,
	4353,
	4347,
	4341,
	4335,
	4328,
	4322,
	4316,
	4310,
	4304,
	4297,
	4291,
	4285,
	4279,
	4272,
	4266,
	4260,
	4254,
	4248,
	4241,
	4235,
	4229,
	4223,
	4216,
	4210,
	4204,
	4198,
	4191,
	4185,
	4179,
	4173,
	4167,
	4160,
	4154,
	4148,
	4142,
	4135,
	4129,
	4123,
	4117,
	4110,
	4104,
	4098,
	4092,
	4085,
	4079,
	4073,
	4067,
	4061,
	4054,
	4048,
	4042,
	4036,
	4029,
	4023,
	4017,
	4011,
	4004,
	3998,
	3992,
	3986,
	3979,
	3973,
	3967,
	3961,
	3955,
	3948,
	3942,
	3936,
	3930,
	3923,
	3917,
	3911,
	3905,
	3898,
	3892,
	3886,
	3880,
	3873,
	3867,
	3861,
	3855,
	3848,
	3842,
	3836,
	3830,
	3824,
	3817,
	3811,
	3805,
	3799,
	3792,
	3786,
	3780,
	3774,
	3767,
	3761,
	3755,
	3749,
	3742,
	3736,
	3730,
	3724,
	3717,
	3711,
	3705,
	3699,
	3692,
	3686,
	3680,
	3674,
	3667,
	3661,
	3655,
	3649,
	3642,
	3636,
	3630,
	3624,
	3618,
	3611,
	3605,
	3599,
	3593,
	3586,
	3580,
	3574,
	3568,
	3561,
	3555,
	3549,
	3543,
	3536,
	3530,
	3524,
	3518,
	3511,
	3505,
	3499,
	3493,
	3486,
	3480,
	3474,
	3468,
	3461,
	3455,
	3449,
	3443,
	3436,
	3430,
	3424,
	3418,
	3411,
	3405,
	3399,
	3393,
	3386,
	3380,
	3374,
	3368,
	3361,
	3355,
	3349,
	3343,
	3336,
	3330,
	3324,
	3318,
	3311,
	3305,
	3299,
	3293,
	3286,
	3280,
	3274,
	3268,
	3261,
	3255,
	3249,
	3243,
	3236,
	3230,
	3224,
	3218,
	3211,
	3205,
	3199,
	3193,
	3186,
	3180,
	3174,
	3168,
	3161,
	3155,
	3149,
	3143,
	3136,
	3130,
	3124,
	3118,
	3111,
	3105,
	3099,
	3092,
	3086,
	3080,
	3074,
	3067,
	3061,
	3055,
	3049,
	3042,
	3036,
	3030,
	3024,
	3017,
	3011,
	3005,
	2999,
	2992,
	2986,
	2980,
	2974,
	2967,
	2961,
	2955,
	2949,
	2942,
	2936,
	2930,
	2924,
	2917,
	2911,
	2905,
	2899,
	2892,
	2886,
	2880,
	2874,
	2867,
	2861,
	2855,
	2848,
	2842,
	2836,
	2830,
	2823,
	2817,
	2811,
	2805,
	2798,
	2792,
	2786,
	2780,
	2773,
	2767,
	2761,
	2755,
	2748,
	2742,
	2736,
	2730,
	2723,
	2717,
	2711,
	2704,
	2698,
	2692,
	2686,
	2679,
	2673,
	2667,
	2661,
	2654,
	2648,
	2642,
	2636,
	2629,
	2623,
	2617,
	2611,
	2604,
	2598,
	2592,
	2585,
	2579,
	2573,
	2567,
	2560,
	2554,
	2548,
	2542,
	2535,
	2529,
	2523,
	2517,
	2510,
	2504,
	2498,
	2492,
	2485,
	2479,
	2473,
	2466,
	2460,
	2454,
	2448,
	2441,
	2435,
	2429,
	2423,
	2416,
	2410,
	2404,
	2398,
	2391,
	2385,
	2379,
	2372,
	2366,
	2360,
	2354,
	2347,
	2341,
	2335,
	2329,
	2322,
	2316,
	2310,
	2304,
	2297,
	2291,
	2285,
	2278,
	2272,
	2266,
	2260,
	2253,
	2247,
	2241,
	2235,
	2228,
	2222,
	2216,
	2210,
	2203,
	2197,
	2191,
	2184,
	2178,
	2172,
	2166,
	2159,
	2153,
	2147,
	2141,
	2134,
	2128,
	2122,
	2115,
	2109,
	2103,
	2097,
	2090,
	2084,
	2078,
	2072,
	2065,
	2059,
	2053,
	2046,
	2040,
	2034,
	2028,
	2021,
	2015,
	2009,
	2003,
	1996,
	1990,
	1984,
	1978,
	1971,
	1965,
	1959,
	1952,
	1946,
	1940,
	1934,
	1927,
	1921,
	1915,
	1909,
	1902,
	1896,
	1890,
	1883,
	1877,
	1871,
	1865,
	1858,
	1852,
	1846,
	1840,
	1833,
	1827,
	1821,
	1814,
	1808,
	1802,
	1796,
	1789,
	1783,
	1777,
	1770,
	1764,
	1758,
	1752,
	1745,
	1739,
	1733,
	1727,
	1720,
	1714,
	1708,
	1701,
	1695,
	1689,
	1683,
	1676,
	1670,
	1664,
	1658,
	1651,
	1645,
	1639,
	1632,
	1626,
	1620,
	1614,
	1607,
	1601,
	1595,
	1589,
	1582,
	1576,
	1570,
	1563,
	1557,
	1551,
	1545,
	1538,
	1532,
	1526,
	1519,
	1513,
	1507,
	1501,
	1494,
	1488,
	1482,
	1476,
	1469,
	1463,
	1457,
	1450,
	1444,
	1438,
	1432,
	1425,
	1419,
	1413,
	1407,
	1400,
	1394,
	1388,
	1381,
	1375,
	1369,
	1363,
	1356,
	1350,
	1344,
	1337,
	1331,
	1325,
	1319,
	1312,
	1306,
	1300,
	1293,
	1287,
	1281,
	1275,
	1268,
	1262,
	1256,
	1250,
	1243,
	1237,
	1231,
	1224,
	1218,
	1212,
	1206,
	1199,
	1193,
	1187,
	1180,
	1174,
	1168,
	1162,
	1155,
	1149,
	1143,
	1137,
	1130,
	1124,
	1118,
	1111,
	1105,
	1099,
	1093,
	1086,
	1080,
	1074,
	1067,
	1061,
	1055,
	1049,
	1042,
	1036,
	1030,
	1023,
	1017,
	1011,
	1005,
	998,
	992,
	986,
	980,
	973,
	967,
	961,
	954,
	948,
	942,
	936,
	929,
	923,
	917,
	910,
	904,
	898,
	892,
	885,
	879,
	873,
	866,
	860,
	854,
	848,
	841,
	835,
	829,
	823,
	816,
	810,
	804,
	797,
	791,
	785,
	779,
	772,
	766,
	760,
	753,
	747,
	741,
	735,
	728,
	722,
	716,
	709,
	703,
	697,
	691,
	684,
	678,
	672,
	665,
	659,
	653,
	647,
	640,
	634,
	628,
	621,
	615,
	609,
	603,
	596,
	590,
	584,
	578,
	571,
	565,
	559,
	552,
	546,
	540,
	534,
	527,
	521,
	515,
	508,
	502,
	496,
	490,
	483,
	477,
	471,
	464,
	458,
	452,
	446,
	439,
	433,
	427,
	420,
	414,
	408,
	402,
	395,
	389,
	383,
	376,
	370,
	364,
	358,
	351,
	345,
	339,
	333,
	326,
	320,
	314,
	307,
	301,
	295,
	289,
	282,
	276,
	270,
	263,
	257,
	251,
	245,
	238,
	232,
	226,
	219,
	213,
	207,
	201,
	194,
	188,
	182,
	175,
	169,
	163,
	157,
	150,
	144,
	138,
	131,
	125,
	119,
	113,
	106,
	100,
	94,
	87,
	81,
	75,
	69,
	62,
	56,
	50,
	43,
	37,
	31,
	25,
	18,
	12,
	6;