	MEMORY_INITIALIZATION_RADIX=10;
 	MEMORY_INITIALIZATION_VECTOR=
	32767,
	32767,
	32767,
	32767,
	32767,
	32767,
	32766,
	32766,
	32765,
	32764,
	32764,
	32763,
	32762,
	32761,
	32760,
	32759,
	32758,
	32756,
	32755,
	32754,
	32752,
	32750,
	32749,
	32747,
	32745,
	32743,
	32741,
	32739,
	32737,
	32735,
	32733,
	32730,
	32728,
	32726,
	32723,
	32720,
	32718,
	32715,
	32712,
	32709,
	32706,
	32703,
	32700,
	32696,
	32693,
	32689,
	32686,
	32682,
	32679,
	32675,
	32671,
	32667,
	32663,
	32659,
	32655,
	32651,
	32647,
	32642,
	32638,
	32633,
	32629,
	32624,
	32619,
	32615,
	32610,
	32605,
	32600,
	32595,
	32589,
	32584,
	32579,
	32573,
	32568,
	32562,
	32557,
	32551,
	32545,
	32539,
	32533,
	32527,
	32521,
	32515,
	32509,
	32502,
	32496,
	32489,
	32483,
	32476,
	32469,
	32463,
	32456,
	32449,
	32442,
	32435,
	32427,
	32420,
	32413,
	32405,
	32398,
	32390,
	32383,
	32375,
	32367,
	32359,
	32351,
	32343,
	32335,
	32327,
	32319,
	32311,
	32302,
	32294,
	32285,
	32276,
	32268,
	32259,
	32250,
	32241,
	32232,
	32223,
	32214,
	32205,
	32195,
	32186,
	32176,
	32167,
	32157,
	32148,
	32138,
	32128,
	32118,
	32108,
	32098,
	32088,
	32078,
	32067,
	32057,
	32047,
	32036,
	32025,
	32015,
	32004,
	31993,
	31982,
	31971,
	31960,
	31949,
	31938,
	31927,
	31915,
	31904,
	31892,
	31881,
	31869,
	31857,
	31846,
	31834,
	31822,
	31810,
	31798,
	31785,
	31773,
	31761,
	31749,
	31736,
	31723,
	31711,
	31698,
	31685,
	31673,
	31660,
	31647,
	31634,
	31620,
	31607,
	31594,
	31581,
	31567,
	31554,
	31540,
	31526,
	31513,
	31499,
	31485,
	31471,
	31457,
	31443,
	31429,
	31414,
	31400,
	31386,
	31371,
	31357,
	31342,
	31327,
	31312,
	31298,
	31283,
	31268,
	31253,
	31237,
	31222,
	31207,
	31192,
	31176,
	31161,
	31145,
	31129,
	31114,
	31098,
	31082,
	31066,
	31050,
	31034,
	31018,
	31001,
	30985,
	30969,
	30952,
	30936,
	30919,
	30902,
	30886,
	30869,
	30852,
	30835,
	30818,
	30801,
	30784,
	30766,
	30749,
	30732,
	30714,
	30697,
	30679,
	30661,
	30644,
	30626,
	30608,
	30590,
	30572,
	30554,
	30535,
	30517,
	30499,
	30480,
	30462,
	30443,
	30425,
	30406,
	30387,
	30368,
	30350,
	30331,
	30312,
	30292,
	30273,
	30254,
	30235,
	30215,
	30196,
	30176,
	30156,
	30137,
	30117,
	30097,
	30077,
	30057,
	30037,
	30017,
	29997,
	29977,
	29956,
	29936,
	29915,
	29895,
	29874,
	29854,
	29833,
	29812,
	29791,
	29770,
	29749,
	29728,
	29707,
	29686,
	29664,
	29643,
	29621,
	29600,
	29578,
	29557,
	29535,
	29513,
	29491,
	29469,
	29447,
	29425,
	29403,
	29381,
	29359,
	29336,
	29314,
	29291,
	29269,
	29246,
	29223,
	29201,
	29178,
	29155,
	29132,
	29109,
	29086,
	29062,
	29039,
	29016,
	28993,
	28969,
	28946,
	28922,
	28898,
	28875,
	28851,
	28827,
	28803,
	28779,
	28755,
	28731,
	28707,
	28682,
	28658,
	28634,
	28609,
	28585,
	28560,
	28535,
	28511,
	28486,
	28461,
	28436,
	28411,
	28386,
	28361,
	28335,
	28310,
	28285,
	28259,
	28234,
	28208,
	28183,
	28157,
	28131,
	28106,
	28080,
	28054,
	28028,
	28002,
	27976,
	27949,
	27923,
	27897,
	27870,
	27844,
	27817,
	27791,
	27764,
	27737,
	27711,
	27684,
	27657,
	27630,
	27603,
	27576,
	27548,
	27521,
	27494,
	27466,
	27439,
	27411,
	27384,
	27356,
	27329,
	27301,
	27273,
	27245,
	27217,
	27189,
	27161,
	27133,
	27105,
	27076,
	27048,
	27020,
	26991,
	26963,
	26934,
	26905,
	26877,
	26848,
	26819,
	26790,
	26761,
	26732,
	26703,
	26674,
	26645,
	26615,
	26586,
	26557,
	26527,
	26498,
	26468,
	26438,
	26409,
	26379,
	26349,
	26319,
	26289,
	26259,
	26229,
	26199,
	26169,
	26138,
	26108,
	26077,
	26047,
	26016,
	25986,
	25955,
	25925,
	25894,
	25863,
	25832,
	25801,
	25770,
	25739,
	25708,
	25677,
	25645,
	25614,
	25583,
	25551,
	25520,
	25488,
	25457,
	25425,
	25393,
	25361,
	25330,
	25298,
	25266,
	25234,
	25201,
	25169,
	25137,
	25105,
	25073,
	25040,
	25008,
	24975,
	24943,
	24910,
	24877,
	24845,
	24812,
	24779,
	24746,
	24713,
	24680,
	24647,
	24614,
	24580,
	24547,
	24514,
	24480,
	24447,
	24414,
	24380,
	24346,
	24313,
	24279,
	24245,
	24211,
	24177,
	24144,
	24109,
	24075,
	24041,
	24007,
	23973,
	23939,
	23904,
	23870,
	23835,
	23801,
	23766,
	23732,
	23697,
	23662,
	23627,
	23593,
	23558,
	23523,
	23488,
	23453,
	23417,
	23382,
	23347,
	23312,
	23276,
	23241,
	23205,
	23170,
	23134,
	23099,
	23063,
	23027,
	22992,
	22956,
	22920,
	22884,
	22848,
	22812,
	22776,
	22740,
	22703,
	22667,
	22631,
	22594,
	22558,
	22521,
	22485,
	22448,
	22412,
	22375,
	22338,
	22301,
	22265,
	22228,
	22191,
	22154,
	22117,
	22080,
	22042,
	22005,
	21968,
	21931,
	21893,
	21856,
	21818,
	21781,
	21743,
	21706,
	21668,
	21630,
	21592,
	21555,
	21517,
	21479,
	21441,
	21403,
	21365,
	21326,
	21288,
	21250,
	21212,
	21173,
	21135,
	21097,
	21058,
	21020,
	20981,
	20942,
	20904,
	20865,
	20826,
	20787,
	20748,
	20709,
	20671,
	20631,
	20592,
	20553,
	20514,
	20475,
	20436,
	20396,
	20357,
	20318,
	20278,
	20239,
	20199,
	20159,
	20120,
	20080,
	20040,
	20001,
	19961,
	19921,
	19881,
	19841,
	19801,
	19761,
	19721,
	19681,
	19640,
	19600,
	19560,
	19519,
	19479,
	19439,
	19398,
	19358,
	19317,
	19276,
	19236,
	19195,
	19154,
	19113,
	19073,
	19032,
	18991,
	18950,
	18909,
	18868,
	18826,
	18785,
	18744,
	18703,
	18662,
	18620,
	18579,
	18537,
	18496,
	18454,
	18413,
	18371,
	18330,
	18288,
	18246,
	18204,
	18163,
	18121,
	18079,
	18037,
	17995,
	17953,
	17911,
	17869,
	17827,
	17784,
	17742,
	17700,
	17658,
	17615,
	17573,
	17530,
	17488,
	17445,
	17403,
	17360,
	17317,
	17275,
	17232,
	17189,
	17146,
	17104,
	17061,
	17018,
	16975,
	16932,
	16889,
	16846,
	16802,
	16759,
	16716,
	16673,
	16630,
	16586,
	16543,
	16499,
	16456,
	16413,
	16369,
	16325,
	16282,
	16238,
	16195,
	16151,
	16107,
	16063,
	16019,
	15976,
	15932,
	15888,
	15844,
	15800,
	15756,
	15712,
	15667,
	15623,
	15579,
	15535,
	15491,
	15446,
	15402,
	15357,
	15313,
	15269,
	15224,
	15180,
	15135,
	15090,
	15046,
	15001,
	14956,
	14912,
	14867,
	14822,
	14777,
	14732,
	14687,
	14642,
	14598,
	14552,
	14507,
	14462,
	14417,
	14372,
	14327,
	14282,
	14236,
	14191,
	14146,
	14100,
	14055,
	14010,
	13964,
	13919,
	13873,
	13828,
	13782,
	13736,
	13691,
	13645,
	13599,
	13554,
	13508,
	13462,
	13416,
	13370,
	13324,
	13278,
	13232,
	13186,
	13140,
	13094,
	13048,
	13002,
	12956,
	12910,
	12864,
	12817,
	12771,
	12725,
	12678,
	12632,
	12586,
	12539,
	12493,
	12446,
	12400,
	12353,
	12307,
	12260,
	12213,
	12167,
	12120,
	12073,
	12027,
	11980,
	11933,
	11886,
	11839,
	11793,
	11746,
	11699,
	11652,
	11605,
	11558,
	11511,
	11464,
	11416,
	11369,
	11322,
	11275,
	11228,
	11181,
	11133,
	11086,
	11039,
	10991,
	10944,
	10897,
	10849,
	10802,
	10754,
	10707,
	10659,
	10612,
	10564,
	10517,
	10469,
	10421,
	10374,
	10326,
	10278,
	10230,
	10183,
	10135,
	10087,
	10039,
	9991,
	9944,
	9896,
	9848,
	9800,
	9752,
	9704,
	9656,
	9608,
	9560,
	9512,
	9463,
	9415,
	9367,
	9319,
	9271,
	9223,
	9174,
	9126,
	9078,
	9029,
	8981,
	8933,
	8884,
	8836,
	8788,
	8739,
	8691,
	8642,
	8594,
	8545,
	8497,
	8448,
	8400,
	8351,
	8302,
	8254,
	8205,
	8156,
	8108,
	8059,
	8010,
	7961,
	7913,
	7864,
	7815,
	7766,
	7717,
	7669,
	7620,
	7571,
	7522,
	7473,
	7424,
	7375,
	7326,
	7277,
	7228,
	7179,
	7130,
	7081,
	7032,
	6983,
	6934,
	6884,
	6835,
	6786,
	6737,
	6688,
	6639,
	6589,
	6540,
	6491,
	6442,
	6392,
	6343,
	6294,
	6244,
	6195,
	6146,
	6096,
	6047,
	5997,
	5948,
	5898,
	5849,
	5800,
	5750,
	5701,
	5651,
	5602,
	5552,
	5503,
	5453,
	5403,
	5354,
	5304,
	5255,
	5205,
	5155,
	5106,
	5056,
	5006,
	4957,
	4907,
	4857,
	4808,
	4758,
	4708,
	4658,
	4609,
	4559,
	4509,
	4459,
	4409,
	4360,
	4310,
	4260,
	4210,
	4160,
	4110,
	4061,
	4011,
	3961,
	3911,
	3861,
	3811,
	3761,
	3711,
	3661,
	3611,
	3561,
	3511,
	3461,
	3411,
	3361,
	3311,
	3261,
	3211,
	3161,
	3111,
	3061,
	3011,
	2961,
	2911,
	2861,
	2811,
	2761,
	2711,
	2661,
	2611,
	2560,
	2510,
	2460,
	2410,
	2360,
	2310,
	2260,
	2210,
	2159,
	2109,
	2059,
	2009,
	1959,
	1909,
	1858,
	1808,
	1758,
	1708,
	1658,
	1607,
	1557,
	1507,
	1457,
	1407,
	1356,
	1306,
	1256,
	1206,
	1155,
	1105,
	1055,
	1005,
	954,
	904,
	854,
	804,
	753,
	703,
	653,
	603,
	552,
	502,
	452,
	402,
	351,
	301,
	251,
	201,
	150,
	100,
	50,
	0,
	-51,
	-101,
	-151,
	-202,
	-252,
	-302,
	-352,
	-403,
	-453,
	-503,
	-553,
	-604,
	-654,
	-704,
	-754,
	-805,
	-855,
	-905,
	-955,
	-1006,
	-1056,
	-1106,
	-1156,
	-1207,
	-1257,
	-1307,
	-1357,
	-1408,
	-1458,
	-1508,
	-1558,
	-1608,
	-1659,
	-1709,
	-1759,
	-1809,
	-1859,
	-1910,
	-1960,
	-2010,
	-2060,
	-2110,
	-2160,
	-2211,
	-2261,
	-2311,
	-2361,
	-2411,
	-2461,
	-2511,
	-2561,
	-2612,
	-2662,
	-2712,
	-2762,
	-2812,
	-2862,
	-2912,
	-2962,
	-3012,
	-3062,
	-3112,
	-3162,
	-3212,
	-3262,
	-3312,
	-3362,
	-3412,
	-3462,
	-3512,
	-3562,
	-3612,
	-3662,
	-3712,
	-3762,
	-3812,
	-3862,
	-3912,
	-3962,
	-4012,
	-4062,
	-4111,
	-4161,
	-4211,
	-4261,
	-4311,
	-4361,
	-4410,
	-4460,
	-4510,
	-4560,
	-4610,
	-4659,
	-4709,
	-4759,
	-4809,
	-4858,
	-4908,
	-4958,
	-5007,
	-5057,
	-5107,
	-5156,
	-5206,
	-5256,
	-5305,
	-5355,
	-5404,
	-5454,
	-5504,
	-5553,
	-5603,
	-5652,
	-5702,
	-5751,
	-5801,
	-5850,
	-5899,
	-5949,
	-5998,
	-6048,
	-6097,
	-6147,
	-6196,
	-6245,
	-6295,
	-6344,
	-6393,
	-6443,
	-6492,
	-6541,
	-6590,
	-6640,
	-6689,
	-6738,
	-6787,
	-6836,
	-6885,
	-6935,
	-6984,
	-7033,
	-7082,
	-7131,
	-7180,
	-7229,
	-7278,
	-7327,
	-7376,
	-7425,
	-7474,
	-7523,
	-7572,
	-7621,
	-7670,
	-7718,
	-7767,
	-7816,
	-7865,
	-7914,
	-7962,
	-8011,
	-8060,
	-8109,
	-8157,
	-8206,
	-8255,
	-8303,
	-8352,
	-8401,
	-8449,
	-8498,
	-8546,
	-8595,
	-8643,
	-8692,
	-8740,
	-8789,
	-8837,
	-8885,
	-8934,
	-8982,
	-9030,
	-9079,
	-9127,
	-9175,
	-9224,
	-9272,
	-9320,
	-9368,
	-9416,
	-9464,
	-9513,
	-9561,
	-9609,
	-9657,
	-9705,
	-9753,
	-9801,
	-9849,
	-9897,
	-9945,
	-9992,
	-10040,
	-10088,
	-10136,
	-10184,
	-10231,
	-10279,
	-10327,
	-10375,
	-10422,
	-10470,
	-10518,
	-10565,
	-10613,
	-10660,
	-10708,
	-10755,
	-10803,
	-10850,
	-10898,
	-10945,
	-10992,
	-11040,
	-11087,
	-11134,
	-11182,
	-11229,
	-11276,
	-11323,
	-11370,
	-11417,
	-11465,
	-11512,
	-11559,
	-11606,
	-11653,
	-11700,
	-11747,
	-11794,
	-11840,
	-11887,
	-11934,
	-11981,
	-12028,
	-12074,
	-12121,
	-12168,
	-12214,
	-12261,
	-12308,
	-12354,
	-12401,
	-12447,
	-12494,
	-12540,
	-12587,
	-12633,
	-12679,
	-12726,
	-12772,
	-12818,
	-12865,
	-12911,
	-12957,
	-13003,
	-13049,
	-13095,
	-13141,
	-13187,
	-13233,
	-13279,
	-13325,
	-13371,
	-13417,
	-13463,
	-13509,
	-13555,
	-13600,
	-13646,
	-13692,
	-13737,
	-13783,
	-13829,
	-13874,
	-13920,
	-13965,
	-14011,
	-14056,
	-14101,
	-14147,
	-14192,
	-14237,
	-14283,
	-14328,
	-14373,
	-14418,
	-14463,
	-14508,
	-14553,
	-14599,
	-14643,
	-14688,
	-14733,
	-14778,
	-14823,
	-14868,
	-14913,
	-14957,
	-15002,
	-15047,
	-15091,
	-15136,
	-15181,
	-15225,
	-15270,
	-15314,
	-15358,
	-15403,
	-15447,
	-15492,
	-15536,
	-15580,
	-15624,
	-15668,
	-15713,
	-15757,
	-15801,
	-15845,
	-15889,
	-15933,
	-15977,
	-16020,
	-16064,
	-16108,
	-16152,
	-16196,
	-16239,
	-16283,
	-16326,
	-16370,
	-16414,
	-16457,
	-16500,
	-16544,
	-16587,
	-16631,
	-16674,
	-16717,
	-16760,
	-16803,
	-16847,
	-16890,
	-16933,
	-16976,
	-17019,
	-17062,
	-17105,
	-17147,
	-17190,
	-17233,
	-17276,
	-17318,
	-17361,
	-17404,
	-17446,
	-17489,
	-17531,
	-17574,
	-17616,
	-17659,
	-17701,
	-17743,
	-17785,
	-17828,
	-17870,
	-17912,
	-17954,
	-17996,
	-18038,
	-18080,
	-18122,
	-18164,
	-18205,
	-18247,
	-18289,
	-18331,
	-18372,
	-18414,
	-18455,
	-18497,
	-18538,
	-18580,
	-18621,
	-18663,
	-18704,
	-18745,
	-18786,
	-18827,
	-18869,
	-18910,
	-18951,
	-18992,
	-19033,
	-19074,
	-19114,
	-19155,
	-19196,
	-19237,
	-19277,
	-19318,
	-19359,
	-19399,
	-19440,
	-19480,
	-19520,
	-19561,
	-19601,
	-19641,
	-19682,
	-19722,
	-19762,
	-19802,
	-19842,
	-19882,
	-19922,
	-19962,
	-20002,
	-20041,
	-20081,
	-20121,
	-20160,
	-20200,
	-20240,
	-20279,
	-20319,
	-20358,
	-20397,
	-20437,
	-20476,
	-20515,
	-20554,
	-20593,
	-20632,
	-20672,
	-20710,
	-20749,
	-20788,
	-20827,
	-20866,
	-20905,
	-20943,
	-20982,
	-21021,
	-21059,
	-21098,
	-21136,
	-21174,
	-21213,
	-21251,
	-21289,
	-21327,
	-21366,
	-21404,
	-21442,
	-21480,
	-21518,
	-21556,
	-21593,
	-21631,
	-21669,
	-21707,
	-21744,
	-21782,
	-21819,
	-21857,
	-21894,
	-21932,
	-21969,
	-22006,
	-22043,
	-22081,
	-22118,
	-22155,
	-22192,
	-22229,
	-22266,
	-22302,
	-22339,
	-22376,
	-22413,
	-22449,
	-22486,
	-22522,
	-22559,
	-22595,
	-22632,
	-22668,
	-22704,
	-22741,
	-22777,
	-22813,
	-22849,
	-22885,
	-22921,
	-22957,
	-22993,
	-23028,
	-23064,
	-23100,
	-23135,
	-23171,
	-23206,
	-23242,
	-23277,
	-23313,
	-23348,
	-23383,
	-23418,
	-23454,
	-23489,
	-23524,
	-23559,
	-23594,
	-23628,
	-23663,
	-23698,
	-23733,
	-23767,
	-23802,
	-23836,
	-23871,
	-23905,
	-23940,
	-23974,
	-24008,
	-24042,
	-24076,
	-24110,
	-24145,
	-24178,
	-24212,
	-24246,
	-24280,
	-24314,
	-24347,
	-24381,
	-24415,
	-24448,
	-24481,
	-24515,
	-24548,
	-24581,
	-24615,
	-24648,
	-24681,
	-24714,
	-24747,
	-24780,
	-24813,
	-24846,
	-24878,
	-24911,
	-24944,
	-24976,
	-25009,
	-25041,
	-25074,
	-25106,
	-25138,
	-25170,
	-25202,
	-25235,
	-25267,
	-25299,
	-25331,
	-25362,
	-25394,
	-25426,
	-25458,
	-25489,
	-25521,
	-25552,
	-25584,
	-25615,
	-25646,
	-25678,
	-25709,
	-25740,
	-25771,
	-25802,
	-25833,
	-25864,
	-25895,
	-25926,
	-25956,
	-25987,
	-26017,
	-26048,
	-26078,
	-26109,
	-26139,
	-26170,
	-26200,
	-26230,
	-26260,
	-26290,
	-26320,
	-26350,
	-26380,
	-26410,
	-26439,
	-26469,
	-26499,
	-26528,
	-26558,
	-26587,
	-26616,
	-26646,
	-26675,
	-26704,
	-26733,
	-26762,
	-26791,
	-26820,
	-26849,
	-26878,
	-26906,
	-26935,
	-26964,
	-26992,
	-27021,
	-27049,
	-27077,
	-27106,
	-27134,
	-27162,
	-27190,
	-27218,
	-27246,
	-27274,
	-27302,
	-27330,
	-27357,
	-27385,
	-27412,
	-27440,
	-27467,
	-27495,
	-27522,
	-27549,
	-27577,
	-27604,
	-27631,
	-27658,
	-27685,
	-27712,
	-27738,
	-27765,
	-27792,
	-27818,
	-27845,
	-27871,
	-27898,
	-27924,
	-27950,
	-27977,
	-28003,
	-28029,
	-28055,
	-28081,
	-28107,
	-28132,
	-28158,
	-28184,
	-28209,
	-28235,
	-28260,
	-28286,
	-28311,
	-28336,
	-28362,
	-28387,
	-28412,
	-28437,
	-28462,
	-28487,
	-28512,
	-28536,
	-28561,
	-28586,
	-28610,
	-28635,
	-28659,
	-28683,
	-28708,
	-28732,
	-28756,
	-28780,
	-28804,
	-28828,
	-28852,
	-28876,
	-28899,
	-28923,
	-28947,
	-28970,
	-28994,
	-29017,
	-29040,
	-29063,
	-29087,
	-29110,
	-29133,
	-29156,
	-29179,
	-29202,
	-29224,
	-29247,
	-29270,
	-29292,
	-29315,
	-29337,
	-29360,
	-29382,
	-29404,
	-29426,
	-29448,
	-29470,
	-29492,
	-29514,
	-29536,
	-29558,
	-29579,
	-29601,
	-29622,
	-29644,
	-29665,
	-29687,
	-29708,
	-29729,
	-29750,
	-29771,
	-29792,
	-29813,
	-29834,
	-29855,
	-29875,
	-29896,
	-29916,
	-29937,
	-29957,
	-29978,
	-29998,
	-30018,
	-30038,
	-30058,
	-30078,
	-30098,
	-30118,
	-30138,
	-30157,
	-30177,
	-30197,
	-30216,
	-30236,
	-30255,
	-30274,
	-30293,
	-30313,
	-30332,
	-30351,
	-30369,
	-30388,
	-30407,
	-30426,
	-30444,
	-30463,
	-30481,
	-30500,
	-30518,
	-30536,
	-30555,
	-30573,
	-30591,
	-30609,
	-30627,
	-30645,
	-30662,
	-30680,
	-30698,
	-30715,
	-30733,
	-30750,
	-30767,
	-30785,
	-30802,
	-30819,
	-30836,
	-30853,
	-30870,
	-30887,
	-30903,
	-30920,
	-30937,
	-30953,
	-30970,
	-30986,
	-31002,
	-31019,
	-31035,
	-31051,
	-31067,
	-31083,
	-31099,
	-31115,
	-31130,
	-31146,
	-31162,
	-31177,
	-31193,
	-31208,
	-31223,
	-31238,
	-31254,
	-31269,
	-31284,
	-31299,
	-31313,
	-31328,
	-31343,
	-31358,
	-31372,
	-31387,
	-31401,
	-31415,
	-31430,
	-31444,
	-31458,
	-31472,
	-31486,
	-31500,
	-31514,
	-31527,
	-31541,
	-31555,
	-31568,
	-31582,
	-31595,
	-31608,
	-31621,
	-31635,
	-31648,
	-31661,
	-31674,
	-31686,
	-31699,
	-31712,
	-31724,
	-31737,
	-31750,
	-31762,
	-31774,
	-31786,
	-31799,
	-31811,
	-31823,
	-31835,
	-31847,
	-31858,
	-31870,
	-31882,
	-31893,
	-31905,
	-31916,
	-31928,
	-31939,
	-31950,
	-31961,
	-31972,
	-31983,
	-31994,
	-32005,
	-32016,
	-32026,
	-32037,
	-32048,
	-32058,
	-32068,
	-32079,
	-32089,
	-32099,
	-32109,
	-32119,
	-32129,
	-32139,
	-32149,
	-32158,
	-32168,
	-32177,
	-32187,
	-32196,
	-32206,
	-32215,
	-32224,
	-32233,
	-32242,
	-32251,
	-32260,
	-32269,
	-32277,
	-32286,
	-32295,
	-32303,
	-32312,
	-32320,
	-32328,
	-32336,
	-32344,
	-32352,
	-32360,
	-32368,
	-32376,
	-32384,
	-32391,
	-32399,
	-32406,
	-32414,
	-32421,
	-32428,
	-32436,
	-32443,
	-32450,
	-32457,
	-32464,
	-32470,
	-32477,
	-32484,
	-32490,
	-32497,
	-32503,
	-32510,
	-32516,
	-32522,
	-32528,
	-32534,
	-32540,
	-32546,
	-32552,
	-32558,
	-32563,
	-32569,
	-32574,
	-32580,
	-32585,
	-32590,
	-32596,
	-32601,
	-32606,
	-32611,
	-32616,
	-32620,
	-32625,
	-32630,
	-32634,
	-32639,
	-32643,
	-32648,
	-32652,
	-32656,
	-32660,
	-32664,
	-32668,
	-32672,
	-32676,
	-32680,
	-32683,
	-32687,
	-32690,
	-32694,
	-32697,
	-32701,
	-32704,
	-32707,
	-32710,
	-32713,
	-32716,
	-32719,
	-32721,
	-32724,
	-32727,
	-32729,
	-32731,
	-32734,
	-32736,
	-32738,
	-32740,
	-32742,
	-32744,
	-32746,
	-32748,
	-32750,
	-32751,
	-32753,
	-32755,
	-32756,
	-32757,
	-32759,
	-32760,
	-32761,
	-32762,
	-32763,
	-32764,
	-32765,
	-32765,
	-32766,
	-32767,
	-32767,
	-32768,
	-32768,
	-32768,
	-32768,
	-32768,
	-32768,
	-32768,
	-32768,
	-32768,
	-32768,
	-32768,
	-32767,
	-32767,
	-32766,
	-32765,
	-32765,
	-32764,
	-32763,
	-32762,
	-32761,
	-32760,
	-32759,
	-32757,
	-32756,
	-32755,
	-32753,
	-32751,
	-32750,
	-32748,
	-32746,
	-32744,
	-32742,
	-32740,
	-32738,
	-32736,
	-32734,
	-32731,
	-32729,
	-32727,
	-32724,
	-32721,
	-32719,
	-32716,
	-32713,
	-32710,
	-32707,
	-32704,
	-32701,
	-32697,
	-32694,
	-32690,
	-32687,
	-32683,
	-32680,
	-32676,
	-32672,
	-32668,
	-32664,
	-32660,
	-32656,
	-32652,
	-32648,
	-32643,
	-32639,
	-32634,
	-32630,
	-32625,
	-32620,
	-32616,
	-32611,
	-32606,
	-32601,
	-32596,
	-32590,
	-32585,
	-32580,
	-32574,
	-32569,
	-32563,
	-32558,
	-32552,
	-32546,
	-32540,
	-32534,
	-32528,
	-32522,
	-32516,
	-32510,
	-32503,
	-32497,
	-32490,
	-32484,
	-32477,
	-32470,
	-32464,
	-32457,
	-32450,
	-32443,
	-32436,
	-32428,
	-32421,
	-32414,
	-32406,
	-32399,
	-32391,
	-32384,
	-32376,
	-32368,
	-32360,
	-32352,
	-32344,
	-32336,
	-32328,
	-32320,
	-32312,
	-32303,
	-32295,
	-32286,
	-32277,
	-32269,
	-32260,
	-32251,
	-32242,
	-32233,
	-32224,
	-32215,
	-32206,
	-32196,
	-32187,
	-32177,
	-32168,
	-32158,
	-32149,
	-32139,
	-32129,
	-32119,
	-32109,
	-32099,
	-32089,
	-32079,
	-32068,
	-32058,
	-32048,
	-32037,
	-32026,
	-32016,
	-32005,
	-31994,
	-31983,
	-31972,
	-31961,
	-31950,
	-31939,
	-31928,
	-31916,
	-31905,
	-31893,
	-31882,
	-31870,
	-31858,
	-31847,
	-31835,
	-31823,
	-31811,
	-31799,
	-31786,
	-31774,
	-31762,
	-31750,
	-31737,
	-31724,
	-31712,
	-31699,
	-31686,
	-31674,
	-31661,
	-31648,
	-31635,
	-31621,
	-31608,
	-31595,
	-31582,
	-31568,
	-31555,
	-31541,
	-31527,
	-31514,
	-31500,
	-31486,
	-31472,
	-31458,
	-31444,
	-31430,
	-31415,
	-31401,
	-31387,
	-31372,
	-31358,
	-31343,
	-31328,
	-31313,
	-31299,
	-31284,
	-31269,
	-31254,
	-31238,
	-31223,
	-31208,
	-31193,
	-31177,
	-31162,
	-31146,
	-31130,
	-31115,
	-31099,
	-31083,
	-31067,
	-31051,
	-31035,
	-31019,
	-31002,
	-30986,
	-30970,
	-30953,
	-30937,
	-30920,
	-30903,
	-30887,
	-30870,
	-30853,
	-30836,
	-30819,
	-30802,
	-30785,
	-30767,
	-30750,
	-30733,
	-30715,
	-30698,
	-30680,
	-30662,
	-30645,
	-30627,
	-30609,
	-30591,
	-30573,
	-30555,
	-30536,
	-30518,
	-30500,
	-30481,
	-30463,
	-30444,
	-30426,
	-30407,
	-30388,
	-30369,
	-30351,
	-30332,
	-30313,
	-30293,
	-30274,
	-30255,
	-30236,
	-30216,
	-30197,
	-30177,
	-30157,
	-30138,
	-30118,
	-30098,
	-30078,
	-30058,
	-30038,
	-30018,
	-29998,
	-29978,
	-29957,
	-29937,
	-29916,
	-29896,
	-29875,
	-29855,
	-29834,
	-29813,
	-29792,
	-29771,
	-29750,
	-29729,
	-29708,
	-29687,
	-29665,
	-29644,
	-29622,
	-29601,
	-29579,
	-29558,
	-29536,
	-29514,
	-29492,
	-29470,
	-29448,
	-29426,
	-29404,
	-29382,
	-29360,
	-29337,
	-29315,
	-29292,
	-29270,
	-29247,
	-29224,
	-29202,
	-29179,
	-29156,
	-29133,
	-29110,
	-29087,
	-29063,
	-29040,
	-29017,
	-28994,
	-28970,
	-28947,
	-28923,
	-28899,
	-28876,
	-28852,
	-28828,
	-28804,
	-28780,
	-28756,
	-28732,
	-28708,
	-28683,
	-28659,
	-28635,
	-28610,
	-28586,
	-28561,
	-28536,
	-28512,
	-28487,
	-28462,
	-28437,
	-28412,
	-28387,
	-28362,
	-28336,
	-28311,
	-28286,
	-28260,
	-28235,
	-28209,
	-28184,
	-28158,
	-28132,
	-28107,
	-28081,
	-28055,
	-28029,
	-28003,
	-27977,
	-27950,
	-27924,
	-27898,
	-27871,
	-27845,
	-27818,
	-27792,
	-27765,
	-27738,
	-27712,
	-27685,
	-27658,
	-27631,
	-27604,
	-27577,
	-27549,
	-27522,
	-27495,
	-27467,
	-27440,
	-27412,
	-27385,
	-27357,
	-27330,
	-27302,
	-27274,
	-27246,
	-27218,
	-27190,
	-27162,
	-27134,
	-27106,
	-27077,
	-27049,
	-27021,
	-26992,
	-26964,
	-26935,
	-26906,
	-26878,
	-26849,
	-26820,
	-26791,
	-26762,
	-26733,
	-26704,
	-26675,
	-26646,
	-26616,
	-26587,
	-26558,
	-26528,
	-26499,
	-26469,
	-26439,
	-26410,
	-26380,
	-26350,
	-26320,
	-26290,
	-26260,
	-26230,
	-26200,
	-26170,
	-26139,
	-26109,
	-26078,
	-26048,
	-26017,
	-25987,
	-25956,
	-25926,
	-25895,
	-25864,
	-25833,
	-25802,
	-25771,
	-25740,
	-25709,
	-25678,
	-25646,
	-25615,
	-25584,
	-25552,
	-25521,
	-25489,
	-25458,
	-25426,
	-25394,
	-25362,
	-25331,
	-25299,
	-25267,
	-25235,
	-25202,
	-25170,
	-25138,
	-25106,
	-25074,
	-25041,
	-25009,
	-24976,
	-24944,
	-24911,
	-24878,
	-24846,
	-24813,
	-24780,
	-24747,
	-24714,
	-24681,
	-24648,
	-24615,
	-24581,
	-24548,
	-24515,
	-24481,
	-24448,
	-24415,
	-24381,
	-24347,
	-24314,
	-24280,
	-24246,
	-24212,
	-24178,
	-24145,
	-24110,
	-24076,
	-24042,
	-24008,
	-23974,
	-23940,
	-23905,
	-23871,
	-23836,
	-23802,
	-23767,
	-23733,
	-23698,
	-23663,
	-23628,
	-23594,
	-23559,
	-23524,
	-23489,
	-23454,
	-23418,
	-23383,
	-23348,
	-23313,
	-23277,
	-23242,
	-23206,
	-23171,
	-23135,
	-23100,
	-23064,
	-23028,
	-22993,
	-22957,
	-22921,
	-22885,
	-22849,
	-22813,
	-22777,
	-22741,
	-22704,
	-22668,
	-22632,
	-22595,
	-22559,
	-22522,
	-22486,
	-22449,
	-22413,
	-22376,
	-22339,
	-22302,
	-22266,
	-22229,
	-22192,
	-22155,
	-22118,
	-22081,
	-22043,
	-22006,
	-21969,
	-21932,
	-21894,
	-21857,
	-21819,
	-21782,
	-21744,
	-21707,
	-21669,
	-21631,
	-21593,
	-21556,
	-21518,
	-21480,
	-21442,
	-21404,
	-21366,
	-21327,
	-21289,
	-21251,
	-21213,
	-21174,
	-21136,
	-21098,
	-21059,
	-21021,
	-20982,
	-20943,
	-20905,
	-20866,
	-20827,
	-20788,
	-20749,
	-20710,
	-20672,
	-20632,
	-20593,
	-20554,
	-20515,
	-20476,
	-20437,
	-20397,
	-20358,
	-20319,
	-20279,
	-20240,
	-20200,
	-20160,
	-20121,
	-20081,
	-20041,
	-20002,
	-19962,
	-19922,
	-19882,
	-19842,
	-19802,
	-19762,
	-19722,
	-19682,
	-19641,
	-19601,
	-19561,
	-19520,
	-19480,
	-19440,
	-19399,
	-19359,
	-19318,
	-19277,
	-19237,
	-19196,
	-19155,
	-19114,
	-19074,
	-19033,
	-18992,
	-18951,
	-18910,
	-18869,
	-18827,
	-18786,
	-18745,
	-18704,
	-18663,
	-18621,
	-18580,
	-18538,
	-18497,
	-18455,
	-18414,
	-18372,
	-18331,
	-18289,
	-18247,
	-18205,
	-18164,
	-18122,
	-18080,
	-18038,
	-17996,
	-17954,
	-17912,
	-17870,
	-17828,
	-17785,
	-17743,
	-17701,
	-17659,
	-17616,
	-17574,
	-17531,
	-17489,
	-17446,
	-17404,
	-17361,
	-17318,
	-17276,
	-17233,
	-17190,
	-17147,
	-17105,
	-17062,
	-17019,
	-16976,
	-16933,
	-16890,
	-16847,
	-16803,
	-16760,
	-16717,
	-16674,
	-16631,
	-16587,
	-16544,
	-16500,
	-16457,
	-16414,
	-16370,
	-16326,
	-16283,
	-16239,
	-16196,
	-16152,
	-16108,
	-16064,
	-16020,
	-15977,
	-15933,
	-15889,
	-15845,
	-15801,
	-15757,
	-15713,
	-15668,
	-15624,
	-15580,
	-15536,
	-15492,
	-15447,
	-15403,
	-15358,
	-15314,
	-15270,
	-15225,
	-15181,
	-15136,
	-15091,
	-15047,
	-15002,
	-14957,
	-14913,
	-14868,
	-14823,
	-14778,
	-14733,
	-14688,
	-14643,
	-14599,
	-14553,
	-14508,
	-14463,
	-14418,
	-14373,
	-14328,
	-14283,
	-14237,
	-14192,
	-14147,
	-14101,
	-14056,
	-14011,
	-13965,
	-13920,
	-13874,
	-13829,
	-13783,
	-13737,
	-13692,
	-13646,
	-13600,
	-13555,
	-13509,
	-13463,
	-13417,
	-13371,
	-13325,
	-13279,
	-13233,
	-13187,
	-13141,
	-13095,
	-13049,
	-13003,
	-12957,
	-12911,
	-12865,
	-12818,
	-12772,
	-12726,
	-12679,
	-12633,
	-12587,
	-12540,
	-12494,
	-12447,
	-12401,
	-12354,
	-12308,
	-12261,
	-12214,
	-12168,
	-12121,
	-12074,
	-12028,
	-11981,
	-11934,
	-11887,
	-11840,
	-11794,
	-11747,
	-11700,
	-11653,
	-11606,
	-11559,
	-11512,
	-11465,
	-11417,
	-11370,
	-11323,
	-11276,
	-11229,
	-11182,
	-11134,
	-11087,
	-11040,
	-10992,
	-10945,
	-10898,
	-10850,
	-10803,
	-10755,
	-10708,
	-10660,
	-10613,
	-10565,
	-10518,
	-10470,
	-10422,
	-10375,
	-10327,
	-10279,
	-10231,
	-10184,
	-10136,
	-10088,
	-10040,
	-9992,
	-9945,
	-9897,
	-9849,
	-9801,
	-9753,
	-9705,
	-9657,
	-9609,
	-9561,
	-9513,
	-9464,
	-9416,
	-9368,
	-9320,
	-9272,
	-9224,
	-9175,
	-9127,
	-9079,
	-9030,
	-8982,
	-8934,
	-8885,
	-8837,
	-8789,
	-8740,
	-8692,
	-8643,
	-8595,
	-8546,
	-8498,
	-8449,
	-8401,
	-8352,
	-8303,
	-8255,
	-8206,
	-8157,
	-8109,
	-8060,
	-8011,
	-7962,
	-7914,
	-7865,
	-7816,
	-7767,
	-7718,
	-7670,
	-7621,
	-7572,
	-7523,
	-7474,
	-7425,
	-7376,
	-7327,
	-7278,
	-7229,
	-7180,
	-7131,
	-7082,
	-7033,
	-6984,
	-6935,
	-6885,
	-6836,
	-6787,
	-6738,
	-6689,
	-6640,
	-6590,
	-6541,
	-6492,
	-6443,
	-6393,
	-6344,
	-6295,
	-6245,
	-6196,
	-6147,
	-6097,
	-6048,
	-5998,
	-5949,
	-5899,
	-5850,
	-5801,
	-5751,
	-5702,
	-5652,
	-5603,
	-5553,
	-5504,
	-5454,
	-5404,
	-5355,
	-5305,
	-5256,
	-5206,
	-5156,
	-5107,
	-5057,
	-5007,
	-4958,
	-4908,
	-4858,
	-4809,
	-4759,
	-4709,
	-4659,
	-4610,
	-4560,
	-4510,
	-4460,
	-4410,
	-4361,
	-4311,
	-4261,
	-4211,
	-4161,
	-4111,
	-4062,
	-4012,
	-3962,
	-3912,
	-3862,
	-3812,
	-3762,
	-3712,
	-3662,
	-3612,
	-3562,
	-3512,
	-3462,
	-3412,
	-3362,
	-3312,
	-3262,
	-3212,
	-3162,
	-3112,
	-3062,
	-3012,
	-2962,
	-2912,
	-2862,
	-2812,
	-2762,
	-2712,
	-2662,
	-2612,
	-2561,
	-2511,
	-2461,
	-2411,
	-2361,
	-2311,
	-2261,
	-2211,
	-2160,
	-2110,
	-2060,
	-2010,
	-1960,
	-1910,
	-1859,
	-1809,
	-1759,
	-1709,
	-1659,
	-1608,
	-1558,
	-1508,
	-1458,
	-1408,
	-1357,
	-1307,
	-1257,
	-1207,
	-1156,
	-1106,
	-1056,
	-1006,
	-955,
	-905,
	-855,
	-805,
	-754,
	-704,
	-654,
	-604,
	-553,
	-503,
	-453,
	-403,
	-352,
	-302,
	-252,
	-202,
	-151,
	-101,
	-51,
	-1,
	50,
	100,
	150,
	201,
	251,
	301,
	351,
	402,
	452,
	502,
	552,
	603,
	653,
	703,
	753,
	804,
	854,
	904,
	954,
	1005,
	1055,
	1105,
	1155,
	1206,
	1256,
	1306,
	1356,
	1407,
	1457,
	1507,
	1557,
	1607,
	1658,
	1708,
	1758,
	1808,
	1858,
	1909,
	1959,
	2009,
	2059,
	2109,
	2159,
	2210,
	2260,
	2310,
	2360,
	2410,
	2460,
	2510,
	2560,
	2611,
	2661,
	2711,
	2761,
	2811,
	2861,
	2911,
	2961,
	3011,
	3061,
	3111,
	3161,
	3211,
	3261,
	3311,
	3361,
	3411,
	3461,
	3511,
	3561,
	3611,
	3661,
	3711,
	3761,
	3811,
	3861,
	3911,
	3961,
	4011,
	4061,
	4110,
	4160,
	4210,
	4260,
	4310,
	4360,
	4409,
	4459,
	4509,
	4559,
	4609,
	4658,
	4708,
	4758,
	4808,
	4857,
	4907,
	4957,
	5006,
	5056,
	5106,
	5155,
	5205,
	5255,
	5304,
	5354,
	5403,
	5453,
	5503,
	5552,
	5602,
	5651,
	5701,
	5750,
	5800,
	5849,
	5898,
	5948,
	5997,
	6047,
	6096,
	6146,
	6195,
	6244,
	6294,
	6343,
	6392,
	6442,
	6491,
	6540,
	6589,
	6639,
	6688,
	6737,
	6786,
	6835,
	6884,
	6934,
	6983,
	7032,
	7081,
	7130,
	7179,
	7228,
	7277,
	7326,
	7375,
	7424,
	7473,
	7522,
	7571,
	7620,
	7669,
	7717,
	7766,
	7815,
	7864,
	7913,
	7961,
	8010,
	8059,
	8108,
	8156,
	8205,
	8254,
	8302,
	8351,
	8400,
	8448,
	8497,
	8545,
	8594,
	8642,
	8691,
	8739,
	8788,
	8836,
	8884,
	8933,
	8981,
	9029,
	9078,
	9126,
	9174,
	9223,
	9271,
	9319,
	9367,
	9415,
	9463,
	9512,
	9560,
	9608,
	9656,
	9704,
	9752,
	9800,
	9848,
	9896,
	9944,
	9991,
	10039,
	10087,
	10135,
	10183,
	10230,
	10278,
	10326,
	10374,
	10421,
	10469,
	10517,
	10564,
	10612,
	10659,
	10707,
	10754,
	10802,
	10849,
	10897,
	10944,
	10991,
	11039,
	11086,
	11133,
	11181,
	11228,
	11275,
	11322,
	11369,
	11416,
	11464,
	11511,
	11558,
	11605,
	11652,
	11699,
	11746,
	11793,
	11839,
	11886,
	11933,
	11980,
	12027,
	12073,
	12120,
	12167,
	12213,
	12260,
	12307,
	12353,
	12400,
	12446,
	12493,
	12539,
	12586,
	12632,
	12678,
	12725,
	12771,
	12817,
	12864,
	12910,
	12956,
	13002,
	13048,
	13094,
	13140,
	13186,
	13232,
	13278,
	13324,
	13370,
	13416,
	13462,
	13508,
	13554,
	13599,
	13645,
	13691,
	13736,
	13782,
	13828,
	13873,
	13919,
	13964,
	14010,
	14055,
	14100,
	14146,
	14191,
	14236,
	14282,
	14327,
	14372,
	14417,
	14462,
	14507,
	14552,
	14598,
	14642,
	14687,
	14732,
	14777,
	14822,
	14867,
	14912,
	14956,
	15001,
	15046,
	15090,
	15135,
	15180,
	15224,
	15269,
	15313,
	15357,
	15402,
	15446,
	15491,
	15535,
	15579,
	15623,
	15667,
	15712,
	15756,
	15800,
	15844,
	15888,
	15932,
	15976,
	16019,
	16063,
	16107,
	16151,
	16195,
	16238,
	16282,
	16325,
	16369,
	16413,
	16456,
	16499,
	16543,
	16586,
	16630,
	16673,
	16716,
	16759,
	16802,
	16846,
	16889,
	16932,
	16975,
	17018,
	17061,
	17104,
	17146,
	17189,
	17232,
	17275,
	17317,
	17360,
	17403,
	17445,
	17488,
	17530,
	17573,
	17615,
	17658,
	17700,
	17742,
	17784,
	17827,
	17869,
	17911,
	17953,
	17995,
	18037,
	18079,
	18121,
	18163,
	18204,
	18246,
	18288,
	18330,
	18371,
	18413,
	18454,
	18496,
	18537,
	18579,
	18620,
	18662,
	18703,
	18744,
	18785,
	18826,
	18868,
	18909,
	18950,
	18991,
	19032,
	19073,
	19113,
	19154,
	19195,
	19236,
	19276,
	19317,
	19358,
	19398,
	19439,
	19479,
	19519,
	19560,
	19600,
	19640,
	19681,
	19721,
	19761,
	19801,
	19841,
	19881,
	19921,
	19961,
	20001,
	20040,
	20080,
	20120,
	20159,
	20199,
	20239,
	20278,
	20318,
	20357,
	20396,
	20436,
	20475,
	20514,
	20553,
	20592,
	20631,
	20671,
	20709,
	20748,
	20787,
	20826,
	20865,
	20904,
	20942,
	20981,
	21020,
	21058,
	21097,
	21135,
	21173,
	21212,
	21250,
	21288,
	21326,
	21365,
	21403,
	21441,
	21479,
	21517,
	21555,
	21592,
	21630,
	21668,
	21706,
	21743,
	21781,
	21818,
	21856,
	21893,
	21931,
	21968,
	22005,
	22042,
	22080,
	22117,
	22154,
	22191,
	22228,
	22265,
	22301,
	22338,
	22375,
	22412,
	22448,
	22485,
	22521,
	22558,
	22594,
	22631,
	22667,
	22703,
	22740,
	22776,
	22812,
	22848,
	22884,
	22920,
	22956,
	22992,
	23027,
	23063,
	23099,
	23134,
	23170,
	23205,
	23241,
	23276,
	23312,
	23347,
	23382,
	23417,
	23453,
	23488,
	23523,
	23558,
	23593,
	23627,
	23662,
	23697,
	23732,
	23766,
	23801,
	23835,
	23870,
	23904,
	23939,
	23973,
	24007,
	24041,
	24075,
	24109,
	24144,
	24177,
	24211,
	24245,
	24279,
	24313,
	24346,
	24380,
	24414,
	24447,
	24480,
	24514,
	24547,
	24580,
	24614,
	24647,
	24680,
	24713,
	24746,
	24779,
	24812,
	24845,
	24877,
	24910,
	24943,
	24975,
	25008,
	25040,
	25073,
	25105,
	25137,
	25169,
	25201,
	25234,
	25266,
	25298,
	25330,
	25361,
	25393,
	25425,
	25457,
	25488,
	25520,
	25551,
	25583,
	25614,
	25645,
	25677,
	25708,
	25739,
	25770,
	25801,
	25832,
	25863,
	25894,
	25925,
	25955,
	25986,
	26016,
	26047,
	26077,
	26108,
	26138,
	26169,
	26199,
	26229,
	26259,
	26289,
	26319,
	26349,
	26379,
	26409,
	26438,
	26468,
	26498,
	26527,
	26557,
	26586,
	26615,
	26645,
	26674,
	26703,
	26732,
	26761,
	26790,
	26819,
	26848,
	26877,
	26905,
	26934,
	26963,
	26991,
	27020,
	27048,
	27076,
	27105,
	27133,
	27161,
	27189,
	27217,
	27245,
	27273,
	27301,
	27329,
	27356,
	27384,
	27411,
	27439,
	27466,
	27494,
	27521,
	27548,
	27576,
	27603,
	27630,
	27657,
	27684,
	27711,
	27737,
	27764,
	27791,
	27817,
	27844,
	27870,
	27897,
	27923,
	27949,
	27976,
	28002,
	28028,
	28054,
	28080,
	28106,
	28131,
	28157,
	28183,
	28208,
	28234,
	28259,
	28285,
	28310,
	28335,
	28361,
	28386,
	28411,
	28436,
	28461,
	28486,
	28511,
	28535,
	28560,
	28585,
	28609,
	28634,
	28658,
	28682,
	28707,
	28731,
	28755,
	28779,
	28803,
	28827,
	28851,
	28875,
	28898,
	28922,
	28946,
	28969,
	28993,
	29016,
	29039,
	29062,
	29086,
	29109,
	29132,
	29155,
	29178,
	29201,
	29223,
	29246,
	29269,
	29291,
	29314,
	29336,
	29359,
	29381,
	29403,
	29425,
	29447,
	29469,
	29491,
	29513,
	29535,
	29557,
	29578,
	29600,
	29621,
	29643,
	29664,
	29686,
	29707,
	29728,
	29749,
	29770,
	29791,
	29812,
	29833,
	29854,
	29874,
	29895,
	29915,
	29936,
	29956,
	29977,
	29997,
	30017,
	30037,
	30057,
	30077,
	30097,
	30117,
	30137,
	30156,
	30176,
	30196,
	30215,
	30235,
	30254,
	30273,
	30292,
	30312,
	30331,
	30350,
	30368,
	30387,
	30406,
	30425,
	30443,
	30462,
	30480,
	30499,
	30517,
	30535,
	30554,
	30572,
	30590,
	30608,
	30626,
	30644,
	30661,
	30679,
	30697,
	30714,
	30732,
	30749,
	30766,
	30784,
	30801,
	30818,
	30835,
	30852,
	30869,
	30886,
	30902,
	30919,
	30936,
	30952,
	30969,
	30985,
	31001,
	31018,
	31034,
	31050,
	31066,
	31082,
	31098,
	31114,
	31129,
	31145,
	31161,
	31176,
	31192,
	31207,
	31222,
	31237,
	31253,
	31268,
	31283,
	31298,
	31312,
	31327,
	31342,
	31357,
	31371,
	31386,
	31400,
	31414,
	31429,
	31443,
	31457,
	31471,
	31485,
	31499,
	31513,
	31526,
	31540,
	31554,
	31567,
	31581,
	31594,
	31607,
	31620,
	31634,
	31647,
	31660,
	31673,
	31685,
	31698,
	31711,
	31723,
	31736,
	31749,
	31761,
	31773,
	31785,
	31798,
	31810,
	31822,
	31834,
	31846,
	31857,
	31869,
	31881,
	31892,
	31904,
	31915,
	31927,
	31938,
	31949,
	31960,
	31971,
	31982,
	31993,
	32004,
	32015,
	32025,
	32036,
	32047,
	32057,
	32067,
	32078,
	32088,
	32098,
	32108,
	32118,
	32128,
	32138,
	32148,
	32157,
	32167,
	32176,
	32186,
	32195,
	32205,
	32214,
	32223,
	32232,
	32241,
	32250,
	32259,
	32268,
	32276,
	32285,
	32294,
	32302,
	32311,
	32319,
	32327,
	32335,
	32343,
	32351,
	32359,
	32367,
	32375,
	32383,
	32390,
	32398,
	32405,
	32413,
	32420,
	32427,
	32435,
	32442,
	32449,
	32456,
	32463,
	32469,
	32476,
	32483,
	32489,
	32496,
	32502,
	32509,
	32515,
	32521,
	32527,
	32533,
	32539,
	32545,
	32551,
	32557,
	32562,
	32568,
	32573,
	32579,
	32584,
	32589,
	32595,
	32600,
	32605,
	32610,
	32615,
	32619,
	32624,
	32629,
	32633,
	32638,
	32642,
	32647,
	32651,
	32655,
	32659,
	32663,
	32667,
	32671,
	32675,
	32679,
	32682,
	32686,
	32689,
	32693,
	32696,
	32700,
	32703,
	32706,
	32709,
	32712,
	32715,
	32718,
	32720,
	32723,
	32726,
	32728,
	32730,
	32733,
	32735,
	32737,
	32739,
	32741,
	32743,
	32745,
	32747,
	32749,
	32750,
	32752,
	32754,
	32755,
	32756,
	32758,
	32759,
	32760,
	32761,
	32762,
	32763,
	32764,
	32764,
	32765,
	32766,
	32766,
	32767,
	32767,
	32767,
	32767,
	32767;